STUDY_ID	SAMPLE_ID	AKT1	AKT2	AKT3	MAP3K1	MAP3K2	MAP3K3
blca_tcga_pub_2017	TCGA-BL-A13I-01	1.0816	-0.7038	-0.1393	0.5924	0.3035	1.0295
blca_tcga_pub_2017	TCGA-CF-A1HR-01	-0.6415	0.4224	-0.3376	-1.2575	0.396	-0.2874
blca_tcga_pub_2017	TCGA-CF-A1HS-01	0.4417	2.715	-0.6011	1.9261	0.512	0.9381
blca_tcga_pub_2017	TCGA-DK-A1A3-01	-0.9114	-1.9568	0.3317	1.9925	-0.2082	0.4457
blca_tcga_pub_2017	TCGA-DK-A1A5-01	-2.0862	-1.6308	0.2541	0.2101	1.0582	0.0048
blca_tcga_pub_2017	TCGA-DK-A1A6-01	-0.7401	0.0838	-1.1604	-1.3478	0.7285	-0.771
blca_tcga_pub_2017	TCGA-DK-A1A7-01	-0.0243	0.689	-0.3868	-1.3904	-0.5926	-0.7031
blca_tcga_pub_2017	TCGA-DK-A1AA-01	0.2004	-0.7485	-0.8095	0.6216	1.6368	-0.8988
blca_tcga_pub_2017	TCGA-DK-A1AB-01	-0.1452	0.857	0.9658	1.9576	1.8877	0.063
blca_tcga_pub_2017	TCGA-DK-A1AC-01	0.9691	-0.8747	0.3641	0.6868	0.8665	-1.0341
blca_tcga_pub_2017	TCGA-DK-A1AD-01	0.4859	1.7303	-0.4808	-1.3209	-0.1879	-0.5175
blca_tcga_pub_2017	TCGA-DK-A1AE-01	0.0519	-0.6742	-0.6364	1.3958	0.6494	0.0475
blca_tcga_pub_2017	TCGA-DK-A1AF-01	-0.3801	-0.6204	1.1699	0.2633	1.2067	1.5286
blca_tcga_pub_2017	TCGA-DK-A1AG-01	0.4024	0.3465	-1.2664	0.0695	-0.1331	-0.5981
blca_tcga_pub_2017	TCGA-BT-A20J-01	-1.5919	1.692	1.2644	-0.0603	1.0146	0.5139
blca_tcga_pub_2017	TCGA-BT-A20N-01	-0.8807	-0.7026	-0.3145	-0.8719	1.4401	-0.8663
blca_tcga_pub_2017	TCGA-BT-A20O-01	0.1119	1.0354	0.1665	0.3554	1.5413	1.9425
blca_tcga_pub_2017	TCGA-BT-A20P-01	0.7469	-0.2086	-0.0588	-0.377	-1.6494	-0.2072
blca_tcga_pub_2017	TCGA-BT-A20Q-01	-1.1037	-0.4338	0.3858	0.302	1.6332	0.1414
blca_tcga_pub_2017	TCGA-BT-A20T-01	-2.02	0.0439	-0.0158	-1.0918	0.1528	-0.9468
blca_tcga_pub_2017	TCGA-BT-A20U-01	0.4644	-0.6816	-0.0083	1.6965	1.2917	-0.8686
blca_tcga_pub_2017	TCGA-BT-A20V-01	-1.9957	0.4026	-0.3355	0.4486	0.8385	-0.9406
blca_tcga_pub_2017	TCGA-BT-A20W-01	-0.994	-0.4676	0.1419	0.2099	0.683	-0.0504
blca_tcga_pub_2017	TCGA-BT-A20R-01	-0.2764	0.6411	0.8718	2.0272	0.7427	0.5832
blca_tcga_pub_2017	TCGA-BT-A20X-01	0.2607	0.7399	1.4229	1.0537	1.7913	0.0421
blca_tcga_pub_2017	TCGA-CF-A27C-01	0.3583	-0.1553	-1.1486	0.6067	1.0933	-0.0952
blca_tcga_pub_2017	TCGA-DK-A2I1-01	-0.8091	-1.0183	0.2585	-1.5759	-1.184	-0.2019
blca_tcga_pub_2017	TCGA-DK-A2I2-01	-0.6565	-1.4622	1.8822	0.1259	0.4401	-0.9873
blca_tcga_pub_2017	TCGA-G2-A2EC-01	-0.8669	-0.4431	0.7633	0.9799	0.7565	0.2356
blca_tcga_pub_2017	TCGA-G2-A2EJ-01	-1.4067	-0.3693	0.4019	0.5987	0.6553	-0.7116
blca_tcga_pub_2017	TCGA-G2-A2EO-01	-0.3019	-0.4973	0.134	-1.8076	0.0862	0.1155
blca_tcga_pub_2017	TCGA-G2-A2ES-01	-0.4218	-0.6373	-0.3853	0.161	0.368	-1.1807
blca_tcga_pub_2017	TCGA-GD-A2C5-01	0.7198	-0.9374	0.2155	-0.2919	0.6784	0.7741
blca_tcga_pub_2017	TCGA-H4-A2HO-01	-0.5954	-0.8374	0.309	1.1324	-1.8959	-0.6575
blca_tcga_pub_2017	TCGA-H4-A2HQ-01	-0.8876	0.655	0.0383	0.5754	1.1096	0.9662
blca_tcga_pub_2017	TCGA-BT-A2LA-01	0.1875	6.263	2.1302	-2.0527	-0.4388	0.6977
blca_tcga_pub_2017	TCGA-BT-A2LB-01	-0.3703	0.5705	1.2733	-0.5029	0.2023	0.1117
blca_tcga_pub_2017	TCGA-DK-A2HX-01	0.5712	1.084	1.2367	2.1858	-0.3063	1.0607
blca_tcga_pub_2017	TCGA-DK-A2I6-01	-0.8126	1.0638	-1.5883	-0.3728	-0.6914	0.3882
blca_tcga_pub_2017	TCGA-G2-A2EF-01	-1.1749	1.1958	1.2521	-0.5564	0.4786	1.1278
blca_tcga_pub_2017	TCGA-G2-A2EK-01	-0.9651	-0.1506	0.3977	1.3595	0.4449	-0.0313
blca_tcga_pub_2017	TCGA-G2-A2EL-01	-0.3146	0.5929	1.8889	0.1708	0.5627	-0.1469
blca_tcga_pub_2017	TCGA-E5-A2PC-01	1.6235	0.8872	-0.3385	-0.2364	0.596	-1.7636
blca_tcga_pub_2017	TCGA-FD-A3B3-01	-0.1765	0.3347	0.6706	1.4545	0.6275	0.4027
blca_tcga_pub_2017	TCGA-FD-A3B4-01	-0.2168	0.4458	0.3339	1.5472	1.3241	0.7923
blca_tcga_pub_2017	TCGA-FT-A3EE-01	-1.2247	-0.4973	-0.5945	0.3264	0.687	-0.0633
blca_tcga_pub_2017	TCGA-HQ-A2OE-01	-2.0544	0.7902	-0.1524	1.004	1.5447	-1.3043
blca_tcga_pub_2017	TCGA-BT-A2LD-01	-1.2407	2.3409	1.7553	1.114	-0.2464	1.2936
blca_tcga_pub_2017	TCGA-CF-A3MG-01	0.3213	-0.0117	-1.312	-0.6847	0.2791	-1.6978
blca_tcga_pub_2017	TCGA-CF-A3MH-01	0.9511	0.2401	-1.1268	-1.2833	-0.8431	-1.6809
blca_tcga_pub_2017	TCGA-CF-A3MI-01	0.7537	-0.3684	-0.5812	-0.3806	-1.6885	-0.8402
blca_tcga_pub_2017	TCGA-DK-A3IL-01	0.6166	1.2168	0.267	-1.1092	-1.1116	-0.1442
blca_tcga_pub_2017	TCGA-DK-A3IM-01	-0.9159	0.3412	-0.2406	1.0646	1.3308	-0.2141
blca_tcga_pub_2017	TCGA-DK-A3IN-01	0.1554	-0.5103	1.3037	-0.1031	0.9305	0.2062
blca_tcga_pub_2017	TCGA-DK-A3IQ-01	0.3909	0.0966	1.6495	-0.7136	0.5854	2.3996
blca_tcga_pub_2017	TCGA-DK-A3IT-01	0.8416	-1.2619	0.4013	-1	0.624	0.7245
blca_tcga_pub_2017	TCGA-DK-A3IU-01	-0.5721	0.0293	1.2779	1.853	-0.2342	1.2742
blca_tcga_pub_2017	TCGA-FD-A3B5-01	1.0874	0.8216	0.6585	0.2915	1.2857	0.6422
blca_tcga_pub_2017	TCGA-FD-A3B6-01	-1.1322	-0.4867	-1.0148	0.9732	0.8602	0.1493
blca_tcga_pub_2017	TCGA-FD-A3B7-01	0.3522	-0.8974	0.7927	1.1557	0.6761	0.8115
blca_tcga_pub_2017	TCGA-FD-A3B8-01	0.4528	-0.0161	1.4578	0.5778	1.7127	2.1507
blca_tcga_pub_2017	TCGA-G2-A3IB-01	0.3699	-0.2825	-1.9719	0.4743	0.7777	-1.0231
blca_tcga_pub_2017	TCGA-G2-A3IE-01	2.3127	-1.1317	-1.6244	-0.37	-0.6781	-1.3397
blca_tcga_pub_2017	TCGA-GC-A3I6-01	-0.2657	-1.2513	-0.5612	1.0199	1.9367	-0.3082
blca_tcga_pub_2017	TCGA-GV-A3JW-01	1.2209	1.4804	-0.2384	-0.5122	1.0149	-1.9124
blca_tcga_pub_2017	TCGA-GV-A3JX-01	2.2865	0.5322	0.9604	0.4681	1.0681	0.3284
blca_tcga_pub_2017	TCGA-BL-A3JM-01	-0.0814	1.1035	2.0492	0.3656	0.1358	0.6736
blca_tcga_pub_2017	TCGA-CF-A3MF-01	2.0438	-0.1435	-0.852	-0.503	-2.7942	0.9046
blca_tcga_pub_2017	TCGA-CU-A3KJ-01	0.0792	1.5523	2.4766	3.4388	1.4997	0.0577
blca_tcga_pub_2017	TCGA-DK-A2I4-01	-1.0547	-0.1058	1.1282	0.6234	1.143	1.3908
blca_tcga_pub_2017	TCGA-DK-A3IK-01	0.4917	0.0152	0.0217	-1.3199	-0.2733	-0.8347
blca_tcga_pub_2017	TCGA-DK-A3IS-01	1.1613	-0.1274	-0.9608	-0.1134	-0.7312	-1.3861
blca_tcga_pub_2017	TCGA-DK-A3IV-01	0.3532	-0.3509	0.272	1.3482	0.456	0.5457
blca_tcga_pub_2017	TCGA-FD-A3N5-01	0.3308	-0.0112	1.2743	0.7851	0.9956	0.7343
blca_tcga_pub_2017	TCGA-FD-A3N6-01	0.3591	-0.5263	-1.0023	1.1131	2.1904	-1.017
blca_tcga_pub_2017	TCGA-FD-A3NA-01	-0.3	-1.037	-0.5929	-0.9093	0.7992	-0.1025
blca_tcga_pub_2017	TCGA-GV-A3JZ-01	-2.9718	0.42	0.1352	1.2269	0.3123	0.0995
blca_tcga_pub_2017	TCGA-BT-A3PH-01	-0.0881	-1.9661	-0.8018	-2.2232	0.5034	-0.1739
blca_tcga_pub_2017	TCGA-BT-A3PJ-01	-0.2371	-1.3638	1.3659	-0.4099	0.6311	0.1421
blca_tcga_pub_2017	TCGA-BT-A3PK-01	0.2188	-0.9998	0.6318	-0.6824	0.9118	0.8676
blca_tcga_pub_2017	TCGA-GC-A3RB-01	-1.1132	-0.1077	-1.522	0.7476	0.9243	-0.9292
blca_tcga_pub_2017	TCGA-GD-A3OP-01	-1.0492	-0.3885	1.5769	0.8776	0.7882	0.5982
blca_tcga_pub_2017	TCGA-GD-A3OQ-01	0.3179	-0.4537	-0.6436	1.5549	0.6048	-0.5112
blca_tcga_pub_2017	TCGA-GD-A3OS-01	0.8396	1.4324	1.8011	-0.7704	1.4541	1.233
blca_tcga_pub_2017	TCGA-GV-A3JV-01	-0.8939	1.1625	-0.241	0.8823	-0.5904	-0.9106
blca_tcga_pub_2017	TCGA-GV-A3QG-01	0.157	-0.2601	1.3672	0.7537	0.2616	1.418
blca_tcga_pub_2017	TCGA-GV-A3QH-01	0.7298	0.8383	-1.1976	0.1379	0.4143	-0.6327
blca_tcga_pub_2017	TCGA-GV-A3QI-01	0.0971	-2.79	-0.2489	-0.5289	0.9399	-0.0053
blca_tcga_pub_2017	TCGA-CU-A3QU-01	0.5923	-1.2433	0.3484	0.2001	0.762	-0.3299
blca_tcga_pub_2017	TCGA-CU-A3YL-01	-0.215	2.5151	-0.3243	-0.4112	-0.7975	1.717
blca_tcga_pub_2017	TCGA-DK-A3WX-01	1.6085	0.4295	-0.0164	-0.004	0.7652	0.4783
blca_tcga_pub_2017	TCGA-DK-A3WY-01	-0.725	0.9022	0.4899	1.7084	0.3577	1.7707
blca_tcga_pub_2017	TCGA-DK-A3X1-01	2.1008	-1.4522	-0.307	-1.521	-0.1549	-0.2249
blca_tcga_pub_2017	TCGA-DK-A3X2-01	2.0352	0.006	-1.8724	-0.237	0.4621	-0.5628
blca_tcga_pub_2017	TCGA-E7-A3X6-01	0.9621	0.0367	-0.5376	-0.8901	1.5128	-0.0542
blca_tcga_pub_2017	TCGA-E7-A3Y1-01	1.133	0.0828	-0.532	-0.1189	-0.6448	0.3466
blca_tcga_pub_2017	TCGA-FD-A3SJ-01	-0.1985	2.0786	0.586	-0.7162	-0.3814	-0.2061
blca_tcga_pub_2017	TCGA-FD-A3SL-01	-0.7457	-0.2612	1.4368	0.2135	0.8848	1.0757
blca_tcga_pub_2017	TCGA-FD-A3SM-01	0.0664	-1.0049	0.1445	0.1924	1.5868	-0.3255
blca_tcga_pub_2017	TCGA-FD-A3SN-01	-1.7937	1.1106	0.0606	0.4347	0.9312	-0.2368
blca_tcga_pub_2017	TCGA-FD-A3SO-01	0.0635	-1.3235	0.0854	1.3296	0.9462	0.9164
blca_tcga_pub_2017	TCGA-FD-A3SP-01	-0.1111	-0.7516	1.4629	0.5073	0.8737	1.9962
blca_tcga_pub_2017	TCGA-FD-A3SQ-01	-0.642	0.3303	0.5811	1.5785	1.3343	1.321
blca_tcga_pub_2017	TCGA-FD-A3SR-01	0.3586	2.2541	1.502	2.014	0.831	1.5461
blca_tcga_pub_2017	TCGA-FD-A3SS-01	0.4793	0.4126	0.4891	1.2879	-0.025	0.4026
blca_tcga_pub_2017	TCGA-G2-A3VY-01	1.3066	1.7508	0.372	0.2175	0.7885	-0.57
blca_tcga_pub_2017	TCGA-GC-A3BM-01	0.628	0.1249	-0.598	0.8981	1.1753	0.6392
blca_tcga_pub_2017	TCGA-GC-A3OO-01	-0.6095	-0.6159	0.6484	0.3863	-0.1479	0.6872
blca_tcga_pub_2017	TCGA-GC-A3RC-01	1.0207	0.5415	0.7319	1.9379	1.1047	0.8811
blca_tcga_pub_2017	TCGA-GC-A3RD-01	-0.6684	1.5094	-0.7343	0.3285	0.2204	-0.7011
blca_tcga_pub_2017	TCGA-GC-A3WC-01	0.24	-0.3491	0.3798	2.0016	1.4918	0.1954
blca_tcga_pub_2017	TCGA-GV-A3QF-01	-1.2907	0.8992	-0.9786	-1.8965	-0.0535	0.0208
blca_tcga_pub_2017	TCGA-K4-A3WS-01	0.3935	1.6655	1.2193	-0.1426	0.2732	1.2131
blca_tcga_pub_2017	TCGA-K4-A3WV-01	0.7575	-0.8053	-1.5993	-0.6122	1.2868	-0.3934
blca_tcga_pub_2017	TCGA-BT-A42C-01	0.1445	0.325	-0.2527	0.0292	-0.0795	-0.9333
blca_tcga_pub_2017	TCGA-DK-A3WW-01	0.259	-1.2347	-1.0354	0.1871	-0.2882	-0.5825
blca_tcga_pub_2017	TCGA-FJ-A3Z7-01	-2.543	-0.3931	1.0493	-0.1653	-0.7932	0.4457
blca_tcga_pub_2017	TCGA-FJ-A3ZE-01	0.2926	-0.7887	-0.4127	-0.1531	1.0955	-0.8581
blca_tcga_pub_2017	TCGA-FJ-A3ZF-01	0.8056	-0.2555	-0.3287	-0.544	-0.7951	-2.8694
blca_tcga_pub_2017	TCGA-GC-A3YS-01	1.1921	1.0196	0.9284	0.1668	0.5332	0.0053
blca_tcga_pub_2017	TCGA-GU-A42R-01	0.3548	1.8908	-0.8201	0.033	0.8678	1.1906
blca_tcga_pub_2017	TCGA-GV-A3QK-01	0.1269	-0.9938	-0.7146	-0.2411	-1.1797	-0.6143
blca_tcga_pub_2017	TCGA-GV-A40E-01	-2.4042	-0.3246	1.0624	0.0959	0.3579	-0.4094
blca_tcga_pub_2017	TCGA-GV-A40G-01	-0.3992	0.0764	-0.7267	-0.1368	-0.2353	0.2734
blca_tcga_pub_2017	TCGA-K4-A3WU-01	-1.0869	-0.7574	1.4462	0.9193	0.837	1.0716
blca_tcga_pub_2017	TCGA-BT-A42E-01	-0.3797	1.2024	-0.4725	0.6486	-0.4971	-0.456
blca_tcga_pub_2017	TCGA-BT-A42F-01	0.7528	2.2199	-1.0332	0.4027	-0.3747	-0.5058
blca_tcga_pub_2017	TCGA-CF-A47S-01	0.1705	-0.1601	-0.8718	-0.2574	-0.9283	-1.3502
blca_tcga_pub_2017	TCGA-CF-A47T-01	0.9869	-0.4847	-1.0623	-0.2497	-1.8458	-2.1534
blca_tcga_pub_2017	TCGA-CF-A47V-01	1.6027	-0.5156	0.0023	0.179	-0.4379	-0.4833
blca_tcga_pub_2017	TCGA-CF-A47W-01	1.3862	-0.2373	-1.7698	-0.8069	-1.6752	-0.5907
blca_tcga_pub_2017	TCGA-CF-A47X-01	0.3012	0.2217	-1.127	0.0566	0.5131	-0.5895
blca_tcga_pub_2017	TCGA-CF-A47Y-01	1.2094	-0.1652	-1.0573	0.0922	-0.6329	-1.0756
blca_tcga_pub_2017	TCGA-FD-A43N-01	-0.8158	0.1803	-0.0553	-0.4876	-0.4334	-0.359
blca_tcga_pub_2017	TCGA-FD-A43P-01	-0.3097	1.8917	1.1645	0.4651	0.1616	-0.7576
blca_tcga_pub_2017	TCGA-FD-A43S-01	-0.221	-0.2214	0.2486	-0.3188	-1.8357	0.7247
blca_tcga_pub_2017	TCGA-FD-A43U-01	-0.4452	0.2033	0.7796	-1.2965	-1.5075	0.4783
blca_tcga_pub_2017	TCGA-FD-A43X-01	0.8677	1.0008	-1.433	-0.7706	-1.189	-0.2318
blca_tcga_pub_2017	TCGA-GU-A42P-01	0.8765	0.6644	-0.713	-0.0081	-0.0211	0.4847
blca_tcga_pub_2017	TCGA-GU-A42Q-01	-1.076	-1.7941	1.501	1.7053	2.079	-1.0143
blca_tcga_pub_2017	TCGA-E7-A4IJ-01	0.4353	1.0266	-0.8036	-0.6745	-0.4282	-0.7571
blca_tcga_pub_2017	TCGA-E7-A4XJ-01	-0.7816	-0.582	-0.6417	-0.1797	-1.3151	-1.457
blca_tcga_pub_2017	TCGA-E7-A519-01	0.5548	-1.3359	-0.7965	-1.7512	-2.882	-1.7419
blca_tcga_pub_2017	TCGA-E7-A541-01	0.8535	0.8501	-0.7879	-0.6004	-0.0781	0.4467
blca_tcga_pub_2017	TCGA-FD-A43Y-01	0.6189	-0.1496	-0.0701	-0.8669	0.7602	0.2354
blca_tcga_pub_2017	TCGA-FD-A5BR-01	0.134	0.4124	0.1682	-0.5182	-0.8915	1.4655
blca_tcga_pub_2017	TCGA-FD-A5BS-01	0.0397	-0.3495	0.8996	0.1761	-0.7296	0.9551
blca_tcga_pub_2017	TCGA-FD-A5BT-01	0.0252	-1.5313	-0.1372	-0.5121	-2.3731	0.1818
blca_tcga_pub_2017	TCGA-FD-A5BU-01	-0.1402	0.575	0.3301	2.375	0.5381	0.3785
blca_tcga_pub_2017	TCGA-FD-A5BV-01	0.4473	-1.2009	-0.3334	-0.3646	-0.4251	-0.6049
blca_tcga_pub_2017	TCGA-FD-A5BX-01	0.559	0.1224	0.6108	-1.9063	-0.8867	1.2052
blca_tcga_pub_2017	TCGA-FJ-A3Z9-01	0.6308	-0.0098	-2.4641	-0.4595	-0.758	-2.5576
blca_tcga_pub_2017	TCGA-GC-A4ZW-01	1.0325	-0.7713	-1.9022	-0.0431	0.0713	0.0794
blca_tcga_pub_2017	TCGA-HQ-A2OF-01	-1.6767	-1.2903	-0.9155	0.0893	1.2855	-2.6826
blca_tcga_pub_2017	TCGA-HQ-A5ND-01	0.8104	0.2325	-0.2157	-0.3206	0.8733	-0.0537
blca_tcga_pub_2017	TCGA-K4-A4AC-01	-0.0038	0.2669	-0.7819	-0.3515	-1.3989	1.1195
blca_tcga_pub_2017	TCGA-K4-A54R-01	0.1088	-0.4845	-0.4731	-2.0717	-0.1738	-0.3272
blca_tcga_pub_2017	TCGA-MV-A51V-01	0.5087	0.6508	0.5702	-0.0118	-0.8319	0.0748
blca_tcga_pub_2017	TCGA-CF-A5U8-01	-0.0831	-0.4446	-1.4462	-0.6667	-0.6438	-0.5432
blca_tcga_pub_2017	TCGA-CF-A5UA-01	-0.9751	0.0336	-1.5779	-0.3936	-1.9522	-1.8801
blca_tcga_pub_2017	TCGA-CU-A5W6-01	-1.3267	0.3645	-0.3624	-0.4462	-0.1605	-0.8208
blca_tcga_pub_2017	TCGA-E7-A5KE-01	0.0887	0.5942	-1.7178	0.3079	-0.4522	0.4578
blca_tcga_pub_2017	TCGA-E7-A5KF-01	0.8275	-0.3045	0.1071	-0.0579	0.6367	-1.3481
blca_tcga_pub_2017	TCGA-FD-A5BY-01	1.9864	1.3493	-0.4069	-0.0479	0.6325	0.2865
blca_tcga_pub_2017	TCGA-FD-A5BZ-01	-0.0842	0.6762	0.667	-0.6775	0.2737	1.2105
blca_tcga_pub_2017	TCGA-FD-A5C0-01	-0.8026	0.1229	-0.2137	0.2347	-0.0323	0.0973
blca_tcga_pub_2017	TCGA-FD-A5C1-01	-1.7427	-1.4842	0.3202	0.5435	-1.1164	0.3344
blca_tcga_pub_2017	TCGA-HQ-A5NE-01	-0.058	0.1876	0.0759	0.3172	1.3425	0.7218
blca_tcga_pub_2017	TCGA-K4-A4AB-01	0.6407	0.9258	0.5085	-0.5198	1.0253	0.4792
blca_tcga_pub_2017	TCGA-K4-A5RI-01	1.2167	-0.4254	-0.4077	-0.6998	0.7794	0.9792
blca_tcga_pub_2017	TCGA-K4-A5RJ-01	-0.851	2.398	0.6684	0.8087	0.1237	1.9814
blca_tcga_pub_2017	TCGA-LT-A5Z6-01	0.8272	-1.2374	1.1916	0.4283	-1.0318	0.0837
blca_tcga_pub_2017	TCGA-BL-A5ZZ-01	0.9545	-0.5605	1.2934	-0.3329	0.3573	1.3523
blca_tcga_pub_2017	TCGA-DK-A6AV-01	-0.7685	1.8041	-0.7412	0.0756	-1.0192	-0.1274
blca_tcga_pub_2017	TCGA-DK-A6AW-01	0.7112	-1.0517	-0.5473	-0.833	-0.9403	1.1564
blca_tcga_pub_2017	TCGA-DK-A6B1-01	0.3447	-0.1738	1.3118	0.0029	-0.5899	-0.3924
blca_tcga_pub_2017	TCGA-DK-A6B2-01	-0.6225	-0.7102	0.8847	0.0927	0.342	0.3299
blca_tcga_pub_2017	TCGA-DK-A6B6-01	-0.4944	-0.8968	-1.3592	-0.4025	-0.3908	-0.5944
blca_tcga_pub_2017	TCGA-E7-A677-01	-1.0771	0.0149	0.0724	2.3885	0.614	0.4275
blca_tcga_pub_2017	TCGA-E7-A678-01	-0.1786	-0.5801	-2.3204	-0.9757	-1.6192	-0.2071
blca_tcga_pub_2017	TCGA-FD-A62N-01	0.4321	0.096	0.8285	-0.1735	-0.4746	1.6109
blca_tcga_pub_2017	TCGA-FD-A62O-01	-0.7485	-0.2382	-0.3303	-0.0827	0.442	-1.9226
blca_tcga_pub_2017	TCGA-FD-A62P-01	-0.5372	1.0266	0.0818	0.622	-0.2428	0.1816
blca_tcga_pub_2017	TCGA-FD-A62S-01	2.0173	0.4361	0.9276	0.3914	1.4175	1.2573
blca_tcga_pub_2017	TCGA-FT-A61P-01	0.4859	0.0683	1.2602	-1.363	-0.2622	1.5115
blca_tcga_pub_2017	TCGA-K4-A5RH-01	0.233	0.183	1.3793	-0.1444	0.0137	2.7
blca_tcga_pub_2017	TCGA-LC-A66R-01	-0.3457	-2.0848	1.4543	1.4428	0.2317	1.5034
blca_tcga_pub_2017	TCGA-R3-A69X-01	-0.4633	0.3229	0.6146	0.6471	1.0075	0.6425
blca_tcga_pub_2017	TCGA-DK-A6B0-01	0.2912	-0.597	-1.4332	-0.658	-0.9892	-0.4639
blca_tcga_pub_2017	TCGA-DK-A6B5-01	1.2416	0.2115	-0.8711	0.3477	0.4952	0.2397
blca_tcga_pub_2017	TCGA-E5-A4TZ-01	-0.065	1.5526	-0.7532	1.2246	0.2457	0.2864
blca_tcga_pub_2017	TCGA-E5-A4U1-01	-1.7442	0.9186	-1.986	-0.396	-1.5326	-0.4528
blca_tcga_pub_2017	TCGA-GC-A6I1-01	-0.8174	-0.0463	-0.3102	-0.6427	0.0982	-0.036
blca_tcga_pub_2017	TCGA-GC-A6I3-01	0.6687	0.8505	-0.5734	-1.9574	-2.2295	-1.528
blca_tcga_pub_2017	TCGA-GD-A6C6-01	-0.4689	-2.4766	-3.5764	-2.7878	-3.5608	-2.4397
blca_tcga_pub_2017	TCGA-K4-A6FZ-01	-0.4642	-0.458	0.0582	0.2477	1.2184	-0.3524
blca_tcga_pub_2017	TCGA-K4-A6MB-01	0.0593	-0.4947	-0.2333	-0.063	0.3821	0.2471
blca_tcga_pub_2017	TCGA-PQ-A6FI-01	-0.2358	-0.6342	1.2023	0.9135	0.1972	0.1999
blca_tcga_pub_2017	TCGA-PQ-A6FN-01	0.5131	-0.148	-0.5766	-1.1713	-0.2169	-0.0251
blca_tcga_pub_2017	TCGA-S5-A6DX-01	-0.6811	-0.3535	-0.1486	0.0861	-1.5741	-1.0694
blca_tcga_pub_2017	TCGA-E7-A6ME-01	-2.2954	-0.093	2.1133	0.4453	0.2536	0.1687
blca_tcga_pub_2017	TCGA-E7-A6MF-01	1.2583	0.0825	0.4481	2.5208	1.2542	0.9899
blca_tcga_pub_2017	TCGA-E7-A7DU-01	0.2908	1.2263	-0.7566	-1.4214	-1.7573	-0.7062
blca_tcga_pub_2017	TCGA-FD-A6TF-01	0.9473	1.1298	1.3771	0.8585	-0.3518	1.52
blca_tcga_pub_2017	TCGA-FD-A6TG-01	0.5227	-0.1557	0.9185	-0.6754	0.2018	1.7302
blca_tcga_pub_2017	TCGA-FD-A6TH-01	-0.8831	2.7677	1.5846	1.9371	-0.7191	0.9767
blca_tcga_pub_2017	TCGA-FD-A6TI-01	-0.7704	-0.208	0.2261	-1.0098	0.497	0.3941
blca_tcga_pub_2017	TCGA-GD-A76B-01	-1.1011	1.0803	0.5585	-1.1094	-0.1525	-0.042
blca_tcga_pub_2017	TCGA-GU-A763-01	0.6981	0.1533	-2.1076	-1.6422	-1.4781	-2.008
blca_tcga_pub_2017	TCGA-GU-A766-01	-1.0318	-0.7956	0.6721	-0.3731	-0.7474	0.0236
blca_tcga_pub_2017	TCGA-GU-A767-01	-0.0086	3.6676	-0.0584	-2.3485	-2.0034	-0.5376
blca_tcga_pub_2017	TCGA-CU-A72E-01	1.0176	0.6931	-0.0539	0.8184	0.5934	-0.1816
blca_tcga_pub_2017	TCGA-E7-A7DV-01	0.0053	-1.7815	-1.4492	-0.5329	-1.1322	0.4778
blca_tcga_pub_2017	TCGA-FD-A6TA-01	-2.0841	-1.0575	0.2848	-0.318	0.2398	-0.0671
blca_tcga_pub_2017	TCGA-FD-A6TB-01	-0.4587	1.3731	0.4888	0.7421	0.0961	0.9037
blca_tcga_pub_2017	TCGA-FD-A6TC-01	0.1782	-0.597	0.8764	-1.2014	-0.5803	0.26
blca_tcga_pub_2017	TCGA-FD-A6TD-01	0.8062	-0.754	0.6393	0.3841	0.364	0.5634
blca_tcga_pub_2017	TCGA-FD-A6TE-01	0.1744	-0.4523	0.2438	1.2275	-0.7383	0.667
blca_tcga_pub_2017	TCGA-FD-A6TK-01	0.3487	0.8005	1.734	-0.7469	0.9263	0.8525
blca_tcga_pub_2017	TCGA-GU-A762-01	1.7382	-0.6912	-0.4092	-1.1023	-0.6758	0.862
blca_tcga_pub_2017	TCGA-GV-A6ZA-01	-1.6247	1.1824	-1.3534	-0.8333	-0.6138	-1.3062
blca_tcga_pub_2017	TCGA-KQ-A41N-01	0.9493	0.3484	-1.2625	-1.2875	-2.4761	-2.0941
blca_tcga_pub_2017	TCGA-KQ-A41P-01	0.1584	0.6197	-0.2565	-1.0668	-1.2507	-0.1109
blca_tcga_pub_2017	TCGA-KQ-A41Q-01	-1.3945	-0.8428	-1.2419	-0.87	-0.1024	-0.6638
blca_tcga_pub_2017	TCGA-KQ-A41S-01	0.6246	-1.1015	0.439	2.0651	-0.4027	0.9533
blca_tcga_pub_2017	TCGA-UY-A78K-01	-0.1795	0.2308	1.169	0.5605	-0.8002	0.3562
blca_tcga_pub_2017	TCGA-UY-A78L-01	-0.869	1.3101	-0.4936	2.1526	0.4931	-0.3159
blca_tcga_pub_2017	TCGA-UY-A78N-01	0.7218	-0.3506	-0.6041	0.5062	-2.0371	0.009
blca_tcga_pub_2017	TCGA-UY-A78O-01	-0.4705	-0.0433	-0.616	-0.6941	-1.322	-0.5416
blca_tcga_pub_2017	TCGA-CF-A7I0-01	0.9854	0.5562	0.0125	0.7736	-1.2185	0.3129
blca_tcga_pub_2017	TCGA-E7-A6MD-01	-0.7449	0.77	-0.0243	-0.854	1.144	0.3641
blca_tcga_pub_2017	TCGA-E7-A7PW-01	2.7475	0.3887	-0.3421	-1.0484	-1.1649	-0.8227
blca_tcga_pub_2017	TCGA-E7-A7XN-01	1.1194	0.1624	-1.3858	-0.497	0.4128	-0.8599
blca_tcga_pub_2017	TCGA-E7-A85H-01	-0.1036	-0.5861	-0.7769	-0.2411	-0.4662	-2.4226
blca_tcga_pub_2017	TCGA-FJ-A871-01	1.4658	0.1422	-0.3688	-2.3468	-1.2713	0.7778
blca_tcga_pub_2017	TCGA-GU-A764-01	2.1458	-1.0456	0.2849	0.5445	0.3385	0.4287
blca_tcga_pub_2017	TCGA-K4-A83P-01	0.0288	-0.344	0.8697	1.0123	0.609	0.9957
blca_tcga_pub_2017	TCGA-KQ-A41O-01	2.1431	0.2514	-0.7359	-0.8546	-0.1081	-1.5666
blca_tcga_pub_2017	TCGA-KQ-A41R-01	1.4633	-0.9397	-0.9903	-1.4294	-1.3992	-1.9858
blca_tcga_pub_2017	TCGA-UY-A78M-01	-1.4374	-0.5611	-0.7808	-1.6614	-2.0964	-1.6739
blca_tcga_pub_2017	TCGA-CF-A8HX-01	2.4448	-0.1163	-1.1009	0.8639	-1.3463	0.0298
blca_tcga_pub_2017	TCGA-CF-A8HY-01	-0.9245	-0.1134	-0.86	-1.3891	-2.3805	-1.7117
blca_tcga_pub_2017	TCGA-E7-A8O7-01	-2.7722	-0.2023	-0.2928	1.4134	0.8325	-0.9844
blca_tcga_pub_2017	TCGA-E7-A8O8-01	-0.2076	0.3491	-1.075	-0.7846	-1.7837	-1.4683
blca_tcga_pub_2017	TCGA-LT-A8JT-01	-0.3762	-0.0291	-1.5694	-0.4323	0.4401	-1.096
blca_tcga_pub_2017	TCGA-UY-A78P-01	0.3665	-0.5565	-0.6077	1.7914	-0.1793	-0.1297
blca_tcga_pub_2017	TCGA-UY-A8OC-01	0.5382	-0.3849	0.4989	-0.6081	0.1429	1.1204
blca_tcga_pub_2017	TCGA-UY-A8OD-01	0.6617	-0.2774	0.9561	-0.9332	-0.4265	0.4531
blca_tcga_pub_2017	TCGA-XF-A8HB-01	1.413	1.2195	-1.8433	0.4981	-0.4265	0.2333
blca_tcga_pub_2017	TCGA-XF-A8HC-01	0.1301	0.7271	-0.2085	-1.1765	-1.953	0.0172
blca_tcga_pub_2017	TCGA-XF-A8HD-01	-0.1354	-1.3191	1.3602	-0.2916	-0.1823	-0.168
blca_tcga_pub_2017	TCGA-XF-A8HE-01	1.3065	-0.0041	-0.4743	0.9183	1.4252	-0.0544
blca_tcga_pub_2017	TCGA-XF-A8HF-01	0.9141	-1.0008	-0.7504	-2.1034	-1.727	-1.848
blca_tcga_pub_2017	TCGA-XF-A8HG-01	-0.7818	-0.6712	-2.2851	-0.437	0.2149	-0.1856
blca_tcga_pub_2017	TCGA-YC-A89H-01	-0.9159	1.0369	-1.1076	-1.0301	-0.539	-1.249
blca_tcga_pub_2017	TCGA-2F-A9KO-01	-0.8738	-0.5981	0.1644	-0.4501	0.9815	-0.5324
blca_tcga_pub_2017	TCGA-2F-A9KP-01	-2.2089	-0.5395	-0.5684	0.3224	0.6468	-0.9734
blca_tcga_pub_2017	TCGA-2F-A9KQ-01	0.7154	-0.4483	-0.3274	1.2032	0.5251	-0.4263
blca_tcga_pub_2017	TCGA-2F-A9KR-01	-0.7291	1.2134	-0.9488	0.6301	1.3869	0.4914
blca_tcga_pub_2017	TCGA-2F-A9KT-01	-1.2818	0.1872	-0.9022	-0.9765	0.6098	0.1388
blca_tcga_pub_2017	TCGA-2F-A9KW-01	-0.124	-0.7942	1.1188	0.8919	0.2371	0.76
blca_tcga_pub_2017	TCGA-CF-A9FF-01	0.0851	-0.6344	0.0735	0.1864	0.0736	-1.182
blca_tcga_pub_2017	TCGA-CF-A9FH-01	0.2348	-0.334	-1.2688	-0.1086	0.0242	-0.9101
blca_tcga_pub_2017	TCGA-CF-A9FL-01	1.0088	-0.9229	-0.1077	0.8069	-0.3036	-0.8749
blca_tcga_pub_2017	TCGA-CF-A9FM-01	-0.2208	-0.6208	-0.489	0.2673	0.7566	-0.394
blca_tcga_pub_2017	TCGA-E7-A97P-01	0.3285	-0.9354	0.1493	0.0011	0.3647	-0.4077
blca_tcga_pub_2017	TCGA-E7-A97Q-01	0.4886	-1.141	0.7343	0.341	-0.6634	-0.7936
blca_tcga_pub_2017	TCGA-K4-AAQO-01	-0.5193	-0.5305	1.0306	-0.4692	-0.494	1.3478
blca_tcga_pub_2017	TCGA-S5-AA26-01	0.0163	1.2924	-1.4061	1.2847	-1.0444	-0.9995
blca_tcga_pub_2017	TCGA-SY-A9G0-01	-0.5116	-0.0414	1.5853	0.2659	0.6629	1.4655
blca_tcga_pub_2017	TCGA-SY-A9G5-01	-0.4698	1.1447	-0.1249	0.0427	0.2922	0.8087
blca_tcga_pub_2017	TCGA-UY-A9PA-01	-0.4538	0.0543	-0.1324	0.265	1.2116	-0.7661
blca_tcga_pub_2017	TCGA-UY-A9PB-01	1.3344	0.2248	0.95	-0.5378	0.3544	1.2523
blca_tcga_pub_2017	TCGA-UY-A9PD-01	-1.8606	-0.4681	0.5765	-1.0068	-0.9186	-1.6532
blca_tcga_pub_2017	TCGA-UY-A9PE-01	-1.1494	-0.0428	-0.176	-1.3751	-1.874	-0.2096
blca_tcga_pub_2017	TCGA-UY-A9PF-01	-2.2439	-0.636	-0.2514	-1.0526	0.6246	-1.8765
blca_tcga_pub_2017	TCGA-UY-A9PH-01	-0.5825	-1.2512	-0.6008	-0.6494	-0.6416	-1.0172
blca_tcga_pub_2017	TCGA-XF-A8HH-01	-2.0163	-0.7736	0.25	0.7589	-0.3987	0.4568
blca_tcga_pub_2017	TCGA-XF-A8HI-01	0.2781	-0.5905	-0.632	-0.1262	1.087	-1.0509
blca_tcga_pub_2017	TCGA-YC-A8S6-01	0.662	-0.3559	0.9888	-0.4386	0.4223	0.9937
blca_tcga_pub_2017	TCGA-YF-AA3L-01	0.3056	0.3606	-1.4845	-1.3913	-2.4963	0.632
blca_tcga_pub_2017	TCGA-ZF-A9R0-01	0.3393	-0.5335	-0.0954	-0.7934	-0.8585	-0.362
blca_tcga_pub_2017	TCGA-ZF-A9R3-01	-0.4417	-0.3061	1.3549	0.001	0.8248	1.8965
blca_tcga_pub_2017	TCGA-ZF-A9R4-01	-0.3313	0.0682	-1.5251	0.0542	-0.4	-1.0272
blca_tcga_pub_2017	TCGA-ZF-A9R7-01	-0.2831	0.6966	-1.128	0.7277	-0.2401	0.5454
blca_tcga_pub_2017	TCGA-ZF-A9R9-01	0.1757	-1.373	1.1805	-0.9982	-0.3407	0.5159
blca_tcga_pub_2017	TCGA-ZF-A9RC-01	-1.1436	0.2198	0.281	-1.1859	-0.8876	-0.0772
blca_tcga_pub_2017	TCGA-ZF-A9RE-01	0.8497	-0.1965	-0.4855	1.9914	1.9034	-0.2134
blca_tcga_pub_2017	TCGA-ZF-A9RF-01	-0.7643	-0.5321	1.2178	0.666	0.6291	0.5977
blca_tcga_pub_2017	TCGA-ZF-A9RL-01	0.029	0.49	-0.9007	-0.5657	0.8241	-1.3506
blca_tcga_pub_2017	TCGA-ZF-A9RM-01	-0.535	-0.0932	0.7865	0.2151	1.0874	-0.835
blca_tcga_pub_2017	TCGA-ZF-AA4N-01	0.2493	-0.4366	-0.1477	1.1458	1.2158	0.7749
blca_tcga_pub_2017	TCGA-ZF-AA4R-01	0.559	0.7801	1.4096	0.2862	-0.1473	1.0959
blca_tcga_pub_2017	TCGA-ZF-AA4T-01	-0.5627	-0.5243	0.5717	-1.0552	0.4308	-0.8802
blca_tcga_pub_2017	TCGA-ZF-AA4U-01	0.6405	-1.2132	-1.4264	-0.3073	-0.2901	-1.2775
blca_tcga_pub_2017	TCGA-ZF-AA4V-01	-1.9323	-1.1465	-0.9562	1.2819	0.2156	-0.2284
blca_tcga_pub_2017	TCGA-ZF-AA4W-01	-0.6664	-2.1897	-1.2605	-0.3472	0.7953	-0.8472
blca_tcga_pub_2017	TCGA-ZF-AA4X-01	0.5793	-0.4835	0.7557	0.6017	-0.3657	0.5286
blca_tcga_pub_2017	TCGA-4Z-AA7M-01	-2.3178	0.5661	0.2185	-0.4216	0.5581	1.5058
blca_tcga_pub_2017	TCGA-4Z-AA7N-01	-0.8638	-0.2226	0.7396	1.5227	1.3067	1.5156
blca_tcga_pub_2017	TCGA-4Z-AA7O-01	0.2227	-0.8218	-0.7627	0.1272	0.0884	-0.5551
blca_tcga_pub_2017	TCGA-4Z-AA7Q-01	1.1686	1.1227	-0.7856	0.9491	0.3751	1.1328
blca_tcga_pub_2017	TCGA-4Z-AA7R-01	1.602	-1.9509	-0.1968	-0.6208	0.3879	-1.1085
blca_tcga_pub_2017	TCGA-4Z-AA7S-01	-0.3335	0.2677	-0.9671	0.0087	-0.6988	-1.1233
blca_tcga_pub_2017	TCGA-4Z-AA7W-01	1.6647	1.3453	-0.2578	-0.1927	-1.4111	-0.107
blca_tcga_pub_2017	TCGA-4Z-AA7Y-01	-0.3377	-0.1064	-0.1795	-0.3008	1.3304	-1.1531
blca_tcga_pub_2017	TCGA-4Z-AA80-01	-0.0132	1.3687	-0.9415	-0.333	1.2945	-1.5828
blca_tcga_pub_2017	TCGA-4Z-AA81-01	-1.4394	0.8546	-1.6942	0.5596	-0.856	0.0868
blca_tcga_pub_2017	TCGA-4Z-AA82-01	-0.539	1.8591	1.4872	1.4568	1.6711	2.238
blca_tcga_pub_2017	TCGA-4Z-AA83-01	1.5914	-0.2309	-0.4216	-0.2418	0.6754	-0.7615
blca_tcga_pub_2017	TCGA-4Z-AA84-01	-1.5189	0.2144	1.1671	1.8056	0.1476	-0.0842
blca_tcga_pub_2017	TCGA-4Z-AA86-01	0.414	-0.9934	0.6749	-0.1015	1.0504	0.4982
blca_tcga_pub_2017	TCGA-4Z-AA87-01	1.5788	3.1034	-1.3419	-1.0585	-2.7564	-1.1208
blca_tcga_pub_2017	TCGA-4Z-AA89-01	0.4383	-0.6335	-0.9331	-0.2035	0.4589	-1.8944
blca_tcga_pub_2017	TCGA-DK-AA6L-01	0.8068	1.1524	-1.3165	1.0352	0.0587	0.2506
blca_tcga_pub_2017	TCGA-DK-AA6M-01	0.6147	0.0308	0.5492	-0.1567	-0.8666	0.9212
blca_tcga_pub_2017	TCGA-DK-AA6P-01	0.1719	0.182	-1.0308	-0.5669	0.5449	-0.0439
blca_tcga_pub_2017	TCGA-DK-AA6Q-01	1.4959	0.0084	-1.59	-0.3176	0.3857	-1.8147
blca_tcga_pub_2017	TCGA-DK-AA6S-01	-1.0052	-0.6173	1.06	0.2176	0.0459	0.308
blca_tcga_pub_2017	TCGA-DK-AA6T-01	-1.2332	0.815	1.0698	1.0365	-1.3778	0.3941
blca_tcga_pub_2017	TCGA-DK-AA6U-01	-0.1675	1.4444	0.0242	0.3561	-0.4447	0.0252
blca_tcga_pub_2017	TCGA-DK-AA6W-01	-0.6254	0.1595	0.4161	0.5523	-0.6087	0.7824
blca_tcga_pub_2017	TCGA-DK-AA71-01	0.1792	0.3633	-1.4906	-0.8246	-0.7602	-1.7681
blca_tcga_pub_2017	TCGA-DK-AA74-01	1.2417	-1.0877	0.0583	-1.4259	-0.934	0.2718
blca_tcga_pub_2017	TCGA-DK-AA75-01	1.3999	0.0197	-1.4128	-1.2119	-1.8829	-2.493
blca_tcga_pub_2017	TCGA-DK-AA76-01	1.7429	0.8727	-1.4092	-0.5045	0.6947	-0.9164
blca_tcga_pub_2017	TCGA-DK-AA77-01	0.1103	-0.0429	-0.8129	-0.0542	-0.1635	-1.0668
blca_tcga_pub_2017	TCGA-G2-AA3B-01	-1.3532	-0.0791	-1.9581	-1.8528	-1.4457	-0.867
blca_tcga_pub_2017	TCGA-G2-AA3C-01	1.2389	-0.1815	0.3328	-0.8367	-1.7296	0.771
blca_tcga_pub_2017	TCGA-G2-AA3D-01	0.2313	0.4078	-0.6165	-0.8766	-0.782	0.1571
blca_tcga_pub_2017	TCGA-GU-AATO-01	0.9934	-0.5388	-0.7168	0.6591	-1.6518	0.4105
blca_tcga_pub_2017	TCGA-GU-AATP-01	-1.0054	-0.2301	0.2968	0.158	-0.7095	0.4171
blca_tcga_pub_2017	TCGA-GU-AATQ-01	1.1962	1.0907	-0.845	-0.8965	1.1164	0.5081
blca_tcga_pub_2017	TCGA-XF-A9SH-01	-0.4658	0.6236	-0.2303	-0.7314	-0.4466	-0.7725
blca_tcga_pub_2017	TCGA-XF-A9SI-01	-0.1372	0.5243	1.2361	1.0867	0.0189	0.7577
blca_tcga_pub_2017	TCGA-XF-A9SJ-01	0.4903	0.4641	0.5597	0.9079	-1.0036	-0.0072
blca_tcga_pub_2017	TCGA-XF-A9SL-01	0.4273	-0.4571	1.2003	0.3074	-0.9685	1.222
blca_tcga_pub_2017	TCGA-XF-A9SP-01	0.4613	0.7384	0.2984	-1.1507	-0.9216	0.8367
blca_tcga_pub_2017	TCGA-XF-A9SU-01	0.4753	-0.1384	0.1458	-1.8386	-1.6116	-0.1547
blca_tcga_pub_2017	TCGA-XF-A9SX-01	-0.5195	-0.3151	1.0647	-1.556	-0.1215	1.5085
blca_tcga_pub_2017	TCGA-XF-A9SZ-01	-1.6809	0.5354	0.5788	-2.3873	-0.2028	-0.361
blca_tcga_pub_2017	TCGA-XF-A9T0-01	-2.5021	-0.087	-0.5785	-0.5747	-1.087	-0.74
blca_tcga_pub_2017	TCGA-XF-A9T4-01	0.2909	-0.5754	0.0144	-0.1524	0.8083	-0.2545
blca_tcga_pub_2017	TCGA-XF-A9T8-01	-0.4675	-0.0755	-0.0567	1.4792	-0.1527	0.7901
blca_tcga_pub_2017	TCGA-YC-A9TC-01	1.7977	0.6522	-0.8197	-0.8398	-1.5375	-2.024
blca_tcga_pub_2017	TCGA-ZF-A9R1-01	2.012	-0.2657	-0.2244	-0.6776	0.5692	-0.9335
blca_tcga_pub_2017	TCGA-ZF-A9R2-01	1.8134	1.6103	-1.938	-0.5886	0.3241	-0.8507
blca_tcga_pub_2017	TCGA-ZF-AA51-01	-1.4255	0.4618	-0.0736	0.296	-0.0284	-1.1233
blca_tcga_pub_2017	TCGA-ZF-AA52-01	-0.2039	-0.6926	1.118	0.7944	-1.5343	1.1338
blca_tcga_pub_2017	TCGA-ZF-AA53-01	0.1964	-0.5056	-0.5121	0.1876	-0.9421	0.2268
blca_tcga_pub_2017	TCGA-ZF-AA54-01	-1.2827	0.3755	1.7368	1.1527	0.6334	1.4724
blca_tcga_pub_2017	TCGA-ZF-AA56-01	0.1274	-0.3045	-0.0325	0.2983	1.2891	-0.577
blca_tcga_pub_2017	TCGA-ZF-AA5H-01	1.7931	-1.3023	1.2397	1.3432	0.2803	0.5564
blca_tcga_pub_2017	TCGA-ZF-AA5P-01	1.0383	-0.549	1.5872	-1.5315	0.0367	1.5934
blca_tcga_pub_2017	TCGA-5N-A9KI-01	-0.6543	3.5163	1.1159	0.6849	-0.3834	0.5295
blca_tcga_pub_2017	TCGA-5N-A9KM-01	-1.7778	0.1145	-0.5181	-0.9909	0.3017	-0.927
blca_tcga_pub_2017	TCGA-DK-AA6R-01	1.3793	0.1657	1.2715	0.4587	0.7388	1.0782
blca_tcga_pub_2017	TCGA-DK-AA6X-01	-0.2919	-1.2486	-0.0918	0.5013	0.8485	0.7518
blca_tcga_pub_2017	TCGA-G2-AA3F-01	0.666	-0.8399	-0.6811	0.3711	0.9831	-1.6242
blca_tcga_pub_2017	TCGA-UY-A8OB-01	-2.5225	0.9482	0.4996	-1.1289	-0.4258	0.7807
blca_tcga_pub_2017	TCGA-XF-A9SK-01	0.0188	1.9447	0.1589	0.0273	-0.1585	0.8582
blca_tcga_pub_2017	TCGA-XF-A9SM-01	0.6107	-1.6394	0.4927	0.6979	-0.2882	0.6314
blca_tcga_pub_2017	TCGA-XF-A9ST-01	0.214	-0.0908	-1.3067	-0.6779	-2.0205	-0.9348
blca_tcga_pub_2017	TCGA-XF-A9SV-01	-0.3563	-1.0776	0.1407	-0.7579	-0.4983	-1.1586
blca_tcga_pub_2017	TCGA-XF-A9SW-01	-0.6095	-2.0977	1.6776	0.7706	-0.6781	1.3397
blca_tcga_pub_2017	TCGA-XF-A9SY-01	0.1429	-0.3164	1.5229	-0.6696	0.8403	1.2164
blca_tcga_pub_2017	TCGA-XF-A9T2-01	1.0033	-0.6912	0.5573	-0.8779	0.0998	0.6966
blca_tcga_pub_2017	TCGA-XF-A9T3-01	1.3927	0.4565	1.2809	-1.1101	0.2838	1.2564
blca_tcga_pub_2017	TCGA-XF-A9T5-01	1.5902	-1.0431	-0.6972	-0.6707	-0.0809	-0.1872
blca_tcga_pub_2017	TCGA-XF-A9T6-01	-0.303	-2.6254	0.2173	0.0097	-0.7143	-0.0107
blca_tcga_pub_2017	TCGA-XF-AAME-01	-0.6583	-0.2334	0.9922	1.4104	-0.0848	1.8432
blca_tcga_pub_2017	TCGA-XF-AAMG-01	0.1827	-0.5463	0.1609	-0.5264	-0.0816	0.2861
blca_tcga_pub_2017	TCGA-XF-AAMH-01	-1.3657	-1.0716	-1.3866	-1.017	-2.2808	-0.4976
blca_tcga_pub_2017	TCGA-XF-AAMJ-01	0.3343	0.0723	1.4996	-0.9899	-0.23	1.2075
blca_tcga_pub_2017	TCGA-XF-AAML-01	0.2812	-1.623	0.8994	-1.5424	-0.3836	-0.1091
blca_tcga_pub_2017	TCGA-XF-AAMQ-01	0.9922	0.8599	-0.5421	0.1651	0.6809	1.3742
blca_tcga_pub_2017	TCGA-XF-AAMR-01	0.0495	-0.1068	1.5275	1.0263	1.2574	1.5949
blca_tcga_pub_2017	TCGA-XF-AAMT-01	1.276	-0.1201	0.8289	0.105	0.5253	1.1107
blca_tcga_pub_2017	TCGA-XF-AAMW-01	0.9176	-0.2506	1.5652	-0.0654	1.3695	0.6107
blca_tcga_pub_2017	TCGA-XF-AAMX-01	-0.4005	-0.0505	-0.595	-2.6102	-1.1457	1.7237
blca_tcga_pub_2017	TCGA-XF-AAMY-01	-0.4226	-0.6925	0.8938	0.333	-0.1053	-0.3529
blca_tcga_pub_2017	TCGA-XF-AAMZ-01	-0.55	0.7281	-1.0169	-0.8009	-0.8047	-0.5467
blca_tcga_pub_2017	TCGA-XF-AAN0-01	-0.3199	1.1399	-0.1369	3.0142	0.9497	2.2246
blca_tcga_pub_2017	TCGA-XF-AAN1-01	0.1152	-0.06	-0.7374	-0.3493	-1.1041	-0.5316
blca_tcga_pub_2017	TCGA-XF-AAN2-01	-0.6876	-0.2704	0.7367	1.3115	0.1327	0.0071
blca_tcga_pub_2017	TCGA-XF-AAN3-01	-0.7917	0.7676	0.179	1.7283	1.425	0.2473
blca_tcga_pub_2017	TCGA-XF-AAN4-01	0.5984	-0.8966	1.8458	-0.1064	0.034	2.1323
blca_tcga_pub_2017	TCGA-XF-AAN5-01	-0.8819	-1.0614	-0.5896	-0.0136	0.0231	-0.2459
blca_tcga_pub_2017	TCGA-XF-AAN7-01	-0.0842	1.1818	-0.2663	0.2059	-1.0776	1.6628
blca_tcga_pub_2017	TCGA-XF-AAN8-01	-0.8325	-0.8017	1.1124	-1.434	-0.1238	1.8887
blca_tcga_pub_2017	TCGA-YF-AA3M-01	-0.4927	0.8719	-0.5965	-1.0526	-1.0814	0.3428
blca_tcga_pub_2017	TCGA-ZF-A9R5-01	-0.9974	-0.1779	-0.9084	-0.1246	0.0839	-1.1946
blca_tcga_pub_2017	TCGA-ZF-A9RD-01	-0.3237	-1.7389	0.9213	-0.652	0.5856	-0.5396
blca_tcga_pub_2017	TCGA-ZF-A9RN-01	-0.562	0.5296	2.1436	-1.7047	-0.9252	-0.7976
blca_tcga_pub_2017	TCGA-ZF-AA58-01	-0.8984	-1.6416	0.7074	0.4164	-0.3563	1.1468
blca_tcga_pub_2017	TCGA-ZF-AA5N-01	-1.1867	0.0259	-2.866	1.6231	-1.2075	-1.8083
blca_tcga_pub_2017	TCGA-BL-A0C8-01	-1.1165	-1.0193	0.3702	1.1191	0.8397	0.5292
blca_tcga_pub_2017	TCGA-BL-A13J-01	-1.0315	-0.5499	0.1642	1.197	1.6546	0.1255
blca_tcga_pub_2017	TCGA-BT-A0S7-01	-0.3542	-0.7011	-0.2153	0.5901	0.0892	0.6945
blca_tcga_pub_2017	TCGA-BT-A0YX-01	0.3526	0.4099	-0.5019	0.1426	1.249	-1.1127
blca_tcga_pub_2017	TCGA-C4-A0EZ-01	0.2256	0.5717	2.2991	0.6273	-1.7905	0.6412
blca_tcga_pub_2017	TCGA-C4-A0F0-01	0.8703	-0.2928	1.565	-0.5324	0.575	0.2213
blca_tcga_pub_2017	TCGA-C4-A0F1-01	-0.6245	-0.1469	1.7139	0.6354	1.5155	0.5076
blca_tcga_pub_2017	TCGA-C4-A0F6-01	2.0804	0.3791	-0.5901	-0.4162	0.7846	-0.879
blca_tcga_pub_2017	TCGA-C4-A0F7-01	2.5727	-0.1134	1.4331	1.2278	0.8883	0.1079
blca_tcga_pub_2017	TCGA-CU-A0YN-01	-0.2533	-1.4448	0.7416	1.561	0.2948	0.4161
blca_tcga_pub_2017	TCGA-CU-A0YO-01	-0.3832	-0.2622	0.5728	0.3343	1.0474	0.4985
blca_tcga_pub_2017	TCGA-CU-A0YR-01	-0.8998	-0.5359	0.0991	0.1474	1.2446	-1.2125