STUDY_ID	SAMPLE_ID	AKT1	AKT2	AKT3	MAP3K1	MAP3K2	MAP3K3
blca_tcga_pub_2017	TCGA-BL-A13I-01	1.0878	-0.6433	-0.419	0.1155	-0.0453	1.0682
blca_tcga_pub_2017	TCGA-CF-A1HR-01	-0.9306	1.2024	-0.5286	-1.0637	0.0586	-0.4039
blca_tcga_pub_2017	TCGA-CF-A1HS-01	0.2196	7.8188	-0.6427	2.2789	0.197	0.9355
blca_tcga_pub_2017	TCGA-DK-A1A3-01	-1.1656	-2.0469	-0.0452	2.4387	-0.5288	0.3076
blca_tcga_pub_2017	TCGA-DK-A1A5-01	-2.0004	-1.7341	-0.1203	-0.2455	0.99	-0.1481
blca_tcga_pub_2017	TCGA-DK-A1A6-01	-1.0186	0.576	-0.8013	-1.0942	0.4815	-0.76
blca_tcga_pub_2017	TCGA-DK-A1A7-01	-0.3193	1.7461	-0.5523	-1.108	-0.8083	-0.7145
blca_tcga_pub_2017	TCGA-DK-A1AA-01	-0.0685	-0.7036	-0.7129	0.1466	2.156	-0.8418
blca_tcga_pub_2017	TCGA-DK-A1AB-01	-0.4478	2.1133	0.8651	2.3539	2.7971	-0.093
blca_tcga_pub_2017	TCGA-DK-A1AC-01	0.9234	-0.8696	-0.012	0.2182	0.6827	-0.9235
blca_tcga_pub_2017	TCGA-DK-A1AD-01	0.2745	4.3768	-0.5945	-1.0853	-0.5123	-0.583
blca_tcga_pub_2017	TCGA-DK-A1AE-01	-0.2361	-0.6028	-0.6557	1.2076	0.3734	-0.1078
blca_tcga_pub_2017	TCGA-DK-A1AF-01	-0.6848	-0.5283	1.3141	-0.2001	1.2531	1.8971
blca_tcga_pub_2017	TCGA-DK-A1AG-01	0.1713	1.0561	-0.8221	-0.3587	-0.4665	-0.6414
blca_tcga_pub_2017	TCGA-BT-A20J-01	-1.6831	4.2636	1.5572	-0.455	0.9171	0.3865
blca_tcga_pub_2017	TCGA-BT-A20N-01	-1.1397	-0.6416	-0.5169	-0.9131	1.7149	-0.8215
blca_tcga_pub_2017	TCGA-BT-A20O-01	-0.1692	2.5257	-0.198	-0.118	1.9355	2.7407
blca_tcga_pub_2017	TCGA-BT-A20P-01	0.6138	0.087	-0.3676	-0.6608	-1.3204	-0.337
blca_tcga_pub_2017	TCGA-BT-A20Q-01	-1.3222	-0.2596	0.0109	-0.1662	2.1475	-0.0165
blca_tcga_pub_2017	TCGA-BT-A20T-01	-1.9604	0.5064	-0.3383	-1.0033	-0.2029	-0.8714
blca_tcga_pub_2017	TCGA-BT-A20U-01	0.2477	-0.613	-0.333	1.7729	1.414	-0.8229
blca_tcga_pub_2017	TCGA-BT-A20V-01	-1.9456	1.1639	-0.5275	-0.0301	0.6405	-0.8676
blca_tcga_pub_2017	TCGA-BT-A20W-01	-1.2339	-0.3094	-0.2186	-0.2457	0.4187	-0.199
blca_tcga_pub_2017	TCGA-BT-A20R-01	-0.5822	1.6449	0.6889	2.5248	0.5015	0.4692
blca_tcga_pub_2017	TCGA-BT-A20X-01	0.0016	1.8554	2.0235	0.6775	2.5396	-0.1129
blca_tcga_pub_2017	TCGA-CF-A27C-01	0.1178	0.1728	-0.7988	0.1306	1.0501	-0.2394
blca_tcga_pub_2017	TCGA-DK-A2I1-01	-1.0786	-1.0502	-0.1162	-1.1643	-1.1329	-0.3325
blca_tcga_pub_2017	TCGA-DK-A2I2-01	-0.9441	-1.5591	3.9135	-0.3144	0.1101	-0.8958
blca_tcga_pub_2017	TCGA-G2-A2EC-01	-1.128	-0.2734	0.506	0.5767	0.5211	0.0792
blca_tcga_pub_2017	TCGA-G2-A2EJ-01	-1.5521	-0.1629	0.0282	0.1221	0.3813	-0.7203
blca_tcga_pub_2017	TCGA-G2-A2EO-01	-0.6077	-0.3528	-0.225	-1.2262	-0.2683	-0.0421
blca_tcga_pub_2017	TCGA-G2-A2ES-01	-0.7253	-0.5518	-0.5516	-0.2861	0.0266	-1.0066
blca_tcga_pub_2017	TCGA-GD-A2C5-01	0.5773	-0.9495	-0.1554	-0.6093	0.4124	0.7107
blca_tcga_pub_2017	TCGA-H4-A2HO-01	-0.8886	-0.8213	-0.0678	0.79	-1.401	-0.6832
blca_tcga_pub_2017	TCGA-H4-A2HQ-01	-1.1456	1.6742	-0.2994	0.0975	1.0785	0.9758
blca_tcga_pub_2017	TCGA-BT-A2LA-01	-0.0833	34.7878	5.387	-1.283	-0.7039	0.6116
blca_tcga_pub_2017	TCGA-BT-A2LB-01	-0.6753	1.4987	1.5813	-0.7323	-0.1527	-0.0457
blca_tcga_pub_2017	TCGA-DK-A2HX-01	0.3827	2.6422	1.4834	2.942	-0.6062	1.1147
blca_tcga_pub_2017	TCGA-DK-A2I6-01	-1.0816	2.5935	-0.8728	-0.6583	-0.8706	0.2429
blca_tcga_pub_2017	TCGA-G2-A2EF-01	-1.3781	2.9171	1.524	-0.761	0.1562	1.217
blca_tcga_pub_2017	TCGA-G2-A2EK-01	-1.2101	0.1803	0.0236	1.146	0.1158	-0.1815
blca_tcga_pub_2017	TCGA-G2-A2EL-01	-0.6203	1.5449	3.9483	-0.2781	0.2604	-0.2851
blca_tcga_pub_2017	TCGA-E5-A2PC-01	1.9587	2.1816	-0.529	-0.5742	0.3032	-1.2877
blca_tcga_pub_2017	TCGA-FD-A3B3-01	-0.4803	1.0337	0.3654	1.3101	0.3443	0.2591
blca_tcga_pub_2017	TCGA-FD-A3B4-01	-0.5217	1.2483	-0.043	1.4795	1.4774	0.7348
blca_tcga_pub_2017	TCGA-FT-A3EE-01	-1.4164	-0.3528	-0.6402	-0.1444	0.4242	-0.2108
blca_tcga_pub_2017	TCGA-HQ-A2OE-01	-1.9813	1.9651	-0.427	0.6092	1.9432	-1.0725
blca_tcga_pub_2017	TCGA-BT-A2LD-01	-1.4287	6.3814	3.2966	0.7632	-0.5595	1.4836
blca_tcga_pub_2017	TCGA-CF-A3MG-01	0.0733	0.4111	-0.8304	-0.8264	-0.0717	-1.2595
blca_tcga_pub_2017	TCGA-CF-A3MH-01	0.8974	0.8566	-0.7941	-1.0726	-0.9595	-1.2522
blca_tcga_pub_2017	TCGA-CF-A3MI-01	0.623	-0.1615	-0.6351	-0.6629	-1.334	-0.8049
blca_tcga_pub_2017	TCGA-DK-A3IL-01	0.4413	2.9699	-0.1083	-1.0099	-1.0989	-0.2827
blca_tcga_pub_2017	TCGA-DK-A3IM-01	-1.1693	1.0459	-0.4778	0.6928	1.4908	-0.3428
blca_tcga_pub_2017	TCGA-DK-A3IN-01	-0.1201	-0.3716	1.6656	-0.4852	0.7815	0.0489
blca_tcga_pub_2017	TCGA-DK-A3IQ-01	0.1573	0.5983	2.8418	-0.8404	0.2895	3.874
blca_tcga_pub_2017	TCGA-DK-A3IT-01	0.7433	-1.3384	0.0275	-0.9671	0.3397	0.646
blca_tcga_pub_2017	TCGA-DK-A3IU-01	-0.8671	0.4812	1.5938	2.11	-0.5497	1.4514
blca_tcga_pub_2017	TCGA-FD-A3B5-01	1.0964	2.0343	0.3481	-0.1755	1.4024	0.5416
blca_tcga_pub_2017	TCGA-FD-A3B6-01	-1.3447	-0.3374	-0.7685	0.5679	0.6731	-0.0086
blca_tcga_pub_2017	TCGA-FD-A3B7-01	0.1103	-0.8986	0.5534	0.8243	0.4093	0.7606
blca_tcga_pub_2017	TCGA-FD-A3B8-01	0.2333	0.4037	2.1372	0.1	2.3402	3.228
blca_tcga_pub_2017	TCGA-G2-A3IB-01	0.1317	-0.0296	-0.9145	-0.005	0.5514	-0.9171
blca_tcga_pub_2017	TCGA-G2-A3IE-01	3.2819	-1.1872	-0.8775	-0.6566	-0.8624	-1.0907
blca_tcga_pub_2017	TCGA-GC-A3I6-01	-0.5714	-1.3263	-0.6274	0.6308	2.9336	-0.4209
blca_tcga_pub_2017	TCGA-GV-A3JW-01	1.2989	3.6631	-0.4766	-0.7373	0.9176	-1.3484
blca_tcga_pub_2017	TCGA-GV-A3JX-01	3.2267	1.4207	0.8546	-0.0111	1.007	0.1774
blca_tcga_pub_2017	TCGA-BL-A3JM-01	-0.3805	2.6893	4.8623	-0.1086	-0.2198	0.581
blca_tcga_pub_2017	TCGA-CF-A3MF-01	2.7343	0.1919	-0.7255	-0.7323	-1.6137	0.8882
blca_tcga_pub_2017	TCGA-CU-A3KJ-01	-0.2058	3.8625	8.2128	8.1041	1.8433	-0.098
blca_tcga_pub_2017	TCGA-DK-A2I4-01	-1.2831	0.2537	1.2143	0.1485	1.1374	1.6493
blca_tcga_pub_2017	TCGA-DK-A3IK-01	0.2818	0.457	-0.3116	-1.085	-0.5806	-0.8014
blca_tcga_pub_2017	TCGA-DK-A3IS-01	1.2075	0.2182	-0.755	-0.4923	-0.8947	-1.1142
blca_tcga_pub_2017	TCGA-DK-A3IV-01	0.1116	-0.1348	-0.1035	1.1272	0.129	0.4241
blca_tcga_pub_2017	TCGA-FD-A3N5-01	0.0847	0.4119	1.5841	0.3314	0.8859	0.6587
blca_tcga_pub_2017	TCGA-FD-A3N6-01	0.1187	-0.3947	-0.7655	0.7619	3.7061	-0.9135
blca_tcga_pub_2017	TCGA-FD-A3NA-01	-0.6058	-1.0732	-0.6396	-0.9293	0.5826	-0.2459
blca_tcga_pub_2017	TCGA-GV-A3JZ-01	-2.4674	1.1979	-0.224	0.9322	-0.0356	-0.0577
blca_tcga_pub_2017	TCGA-BT-A3PH-01	-0.3877	-2.0553	-0.7106	-1.3178	0.1863	-0.3085
blca_tcga_pub_2017	TCGA-BT-A3PJ-01	-0.5425	-1.4524	1.8466	-0.68	0.349	-0.0157
blca_tcga_pub_2017	TCGA-BT-A3PK-01	-0.0472	-1.0275	0.3107	-0.8253	0.7522	0.8369
blca_tcga_pub_2017	TCGA-GC-A3RB-01	-1.3297	0.2505	-0.8637	0.2874	0.7718	-0.8606
blca_tcga_pub_2017	TCGA-GD-A3OP-01	-1.2787	-0.1919	2.558	0.4443	0.5665	0.4874
blca_tcga_pub_2017	TCGA-GD-A3OQ-01	0.0693	-0.2889	-0.6583	1.494	0.3146	-0.5783
blca_tcga_pub_2017	TCGA-GD-A3OS-01	0.7406	3.5325	3.5097	-0.8673	1.7446	1.3838
blca_tcga_pub_2017	TCGA-GV-A3JV-01	-1.1509	2.8341	-0.4781	0.4502	-0.8068	-0.8492
blca_tcga_pub_2017	TCGA-GV-A3QG-01	-0.1182	0.0054	1.8507	0.2945	-0.0905	1.697
blca_tcga_pub_2017	TCGA-GV-A3QH-01	0.5907	2.0715	-0.8088	-0.3049	0.0798	-0.6659
blca_tcga_pub_2017	TCGA-GV-A3QI-01	-0.1859	-2.7121	-0.4824	-0.7464	0.7963	-0.1575
blca_tcga_pub_2017	TCGA-CU-A3QU-01	0.4098	-1.3172	-0.0283	-0.2539	0.529	-0.4384
blca_tcga_pub_2017	TCGA-CU-A3YL-01	-0.5199	7.0295	-0.5219	-0.6807	-0.9336	2.2616
blca_tcga_pub_2017	TCGA-DK-A3WX-01	1.9327	1.2164	-0.3387	-0.4142	0.5335	0.3449
blca_tcga_pub_2017	TCGA-DK-A3WY-01	-1.0052	2.2157	0.1283	1.7973	0.0149	2.3712
blca_tcga_pub_2017	TCGA-DK-A3X1-01	2.8468	-1.5484	-0.5131	-1.1483	-0.4849	-0.352
blca_tcga_pub_2017	TCGA-DK-A3X2-01	2.7173	0.4413	-0.9052	-0.5746	0.1363	-0.6161
blca_tcga_pub_2017	TCGA-E7-A3X6-01	0.9133	0.494	-0.618	-0.9211	1.8721	-0.2024
blca_tcga_pub_2017	TCGA-E7-A3Y1-01	1.1647	0.5741	-0.6158	-0.4961	-0.8416	0.1972
blca_tcga_pub_2017	TCGA-FD-A3SJ-01	-0.5029	5.472	0.2487	-0.8417	-0.6625	-0.3361
blca_tcga_pub_2017	TCGA-FD-A3SL-01	-1.0234	0.0038	2.0684	-0.2427	0.7105	1.1373
blca_tcga_pub_2017	TCGA-FD-A3SM-01	-0.22	-1.0337	-0.2164	-0.2603	2.0391	-0.4349
blca_tcga_pub_2017	TCGA-FD-A3SN-01	-1.8181	2.7066	-0.2828	-0.0436	0.7825	-0.3619
blca_tcga_pub_2017	TCGA-FD-A3SO-01	-0.2232	-1.4078	-0.2638	1.0963	0.8063	0.9048
blca_tcga_pub_2017	TCGA-FD-A3SP-01	-0.412	-0.7078	2.1542	0.0277	0.6936	2.862
blca_tcga_pub_2017	TCGA-FD-A3SQ-01	-0.931	1.0253	0.2423	1.5388	1.4977	1.5296
blca_tcga_pub_2017	TCGA-FD-A3SR-01	0.1181	6.0722	2.2871	2.4918	0.6294	1.9296
blca_tcga_pub_2017	TCGA-FD-A3SS-01	0.2663	1.1834	0.1273	1.0284	-0.372	0.259
blca_tcga_pub_2017	TCGA-G2-A3VY-01	1.433	4.4379	-0.0038	-0.2393	0.567	-0.6213
blca_tcga_pub_2017	TCGA-GC-A3BM-01	0.456	0.6485	-0.6415	0.4702	1.1955	0.5379
blca_tcga_pub_2017	TCGA-GC-A3OO-01	-0.9014	-0.522	0.3339	-0.0894	-0.479	0.5982
blca_tcga_pub_2017	TCGA-GC-A3RC-01	0.998	1.4395	0.4569	2.3068	1.0699	0.8555
blca_tcga_pub_2017	TCGA-GC-A3RD-01	-0.9548	3.7431	-0.6894	-0.1425	-0.1339	-0.7132
blca_tcga_pub_2017	TCGA-GC-A3WC-01	-0.0226	-0.1321	0.0045	2.461	1.8261	0.0379
blca_tcga_pub_2017	TCGA-GV-A3QF-01	-1.4665	2.2088	-0.7596	-1.2478	-0.3975	-0.1331
blca_tcga_pub_2017	TCGA-K4-A3WS-01	0.1604	4.1863	1.4381	-0.5123	-0.0781	1.3516
blca_tcga_pub_2017	TCGA-K4-A3WV-01	0.6281	-0.7791	-0.8742	-0.7901	1.4044	-0.4887
blca_tcga_pub_2017	TCGA-BT-A42C-01	-0.1325	1.0153	-0.4844	-0.3894	-0.4204	-0.8632
blca_tcga_pub_2017	TCGA-DK-A3WW-01	-0.0004	-1.3074	-0.7735	-0.2647	-0.5922	-0.6303
blca_tcga_pub_2017	TCGA-FJ-A3Z7-01	-2.2561	-0.1988	1.0371	-0.5277	-0.9311	0.3076
blca_tcga_pub_2017	TCGA-FJ-A3ZE-01	0.0392	-0.7572	-0.5644	-0.5195	1.054	-0.8163
blca_tcga_pub_2017	TCGA-FJ-A3ZF-01	0.6937	0.0126	-0.5241	-0.7545	-0.9322	-1.6552
blca_tcga_pub_2017	TCGA-GC-A3YS-01	1.2545	2.4881	0.7929	-0.2814	0.2233	-0.1476
blca_tcga_pub_2017	TCGA-GU-A42R-01	0.1136	4.8661	-0.7161	-0.3865	0.6845	1.3157
blca_tcga_pub_2017	TCGA-GV-A3QK-01	-0.1524	-1.02	-0.6828	-0.5773	-1.131	-0.6529
blca_tcga_pub_2017	TCGA-GV-A40E-01	-2.1819	-0.0947	1.0656	-0.3382	0.0151	-0.5012
blca_tcga_pub_2017	TCGA-GV-A40G-01	-0.7034	0.563	-0.6869	-0.5084	-0.5506	0.1187
blca_tcga_pub_2017	TCGA-K4-A3WU-01	-1.3089	-0.7155	2.0989	0.4974	0.6383	1.1311
blca_tcga_pub_2017	TCGA-BT-A42E-01	-0.6845	2.9337	-0.5909	0.1759	-0.7446	-0.5369
blca_tcga_pub_2017	TCGA-BT-A42F-01	0.6218	5.9524	-0.773	-0.0741	-0.6576	-0.5743
blca_tcga_pub_2017	TCGA-CF-A47S-01	-0.1028	0.165	-0.7311	-0.5876	-1.0061	-1.0961
blca_tcga_pub_2017	TCGA-CF-A47T-01	0.949	-0.3345	-0.7798	-0.5828	-1.3855	-1.4385
blca_tcga_pub_2017	TCGA-CF-A47V-01	1.9227	-0.3793	-0.3255	-0.2714	-0.7032	-0.5576
blca_tcga_pub_2017	TCGA-CF-A47W-01	1.5605	0.0413	-0.8946	-0.8841	-1.3294	-0.6362
blca_tcga_pub_2017	TCGA-CF-A47X-01	0.0495	0.823	-0.7942	-0.3687	0.1983	-0.6353
blca_tcga_pub_2017	TCGA-CF-A47Y-01	1.2811	0.1566	-0.7786	-0.3411	-0.8341	-0.9476
blca_tcga_pub_2017	TCGA-FD-A43N-01	-1.0843	0.7476	-0.3653	-0.7239	-0.7001	-0.4617
blca_tcga_pub_2017	TCGA-FD-A43P-01	-0.6155	4.869	1.301	-0.0141	-0.1941	-0.7511
blca_tcga_pub_2017	TCGA-FD-A43S-01	-0.526	0.0665	-0.1254	-0.6258	-1.3824	0.6462
blca_tcga_pub_2017	TCGA-FD-A43U-01	-0.7478	0.7893	0.5321	-1.0771	-1.2685	0.345
blca_tcga_pub_2017	TCGA-FD-A43X-01	0.7796	2.4438	-0.8505	-0.8674	-1.1352	-0.3578
blca_tcga_pub_2017	TCGA-GU-A42P-01	0.7919	1.694	-0.6823	-0.4172	-0.3684	0.3524
blca_tcga_pub_2017	TCGA-GU-A42Q-01	-1.3002	-1.8948	2.2838	1.7909	3.3526	-0.9119
blca_tcga_pub_2017	TCGA-E7-A4IJ-01	0.2116	2.5048	-0.7112	-0.8214	-0.6964	-0.7508
blca_tcga_pub_2017	TCGA-E7-A4XJ-01	-1.0548	-0.4743	-0.6576	-0.5372	-1.191	-1.149
blca_tcga_pub_2017	TCGA-E7-A519-01	0.3617	-1.4216	-0.709	-1.2119	-1.6291	-1.2785
blca_tcga_pub_2017	TCGA-E7-A541-01	0.7598	2.0979	-0.7063	-0.784	-0.4192	0.3087
blca_tcga_pub_2017	TCGA-FD-A43Y-01	0.4442	0.182	-0.3751	-0.9109	0.5264	0.079
blca_tcga_pub_2017	TCGA-FD-A5BR-01	-0.1443	1.1831	-0.1965	-0.7406	-0.9863	1.7816
blca_tcga_pub_2017	TCGA-FD-A5BS-01	-0.2495	-0.1327	0.7391	-0.2738	-0.8937	0.9598
blca_tcga_pub_2017	TCGA-FD-A5BT-01	-0.2655	-1.6319	-0.4177	-0.7373	-1.5277	0.0241
blca_tcga_pub_2017	TCGA-FD-A5BU-01	-0.4426	1.5079	-0.0469	3.495	0.2294	0.2321
blca_tcga_pub_2017	TCGA-FD-A5BV-01	0.2264	-1.2684	-0.5264	-0.6535	-0.6941	-0.6463
blca_tcga_pub_2017	TCGA-FD-A5BX-01	0.3669	0.6439	0.2819	-1.2501	-0.9837	1.3391
blca_tcga_pub_2017	TCGA-FJ-A3Z9-01	0.4598	0.4143	-0.9483	-0.7083	-0.9106	-1.5693
blca_tcga_pub_2017	TCGA-GC-A4ZW-01	1.0152	-0.7341	-0.9081	-0.4427	-0.2825	-0.0772
blca_tcga_pub_2017	TCGA-HQ-A2OF-01	-1.7408	-1.3706	-0.7431	-0.3433	1.402	-1.6052
blca_tcga_pub_2017	TCGA-HQ-A5ND-01	0.7002	0.8428	-0.4639	-0.627	0.693	-0.202
blca_tcga_pub_2017	TCGA-K4-A4AC-01	-0.2971	0.9063	-0.7045	-0.6456	-1.2258	1.2042
blca_tcga_pub_2017	TCGA-K4-A54R-01	-0.1727	-0.3342	-0.5912	-1.287	-0.5007	-0.4362
blca_tcga_pub_2017	TCGA-MV-A51V-01	0.3032	1.6654	0.2281	-0.42	-0.9532	-0.0817
blca_tcga_pub_2017	TCGA-CF-A5U8-01	-0.3824	-0.2756	-0.8525	-0.8175	-0.841	-0.6019
blca_tcga_pub_2017	TCGA-CF-A5UA-01	-1.2184	0.4886	-0.8714	-0.6705	-1.4178	-1.3356
blca_tcga_pub_2017	TCGA-CU-A5W6-01	-1.4934	1.0905	-0.5407	-0.7007	-0.4896	-0.7924
blca_tcga_pub_2017	TCGA-E7-A5KE-01	-0.1952	1.5475	-0.8888	-0.161	-0.7134	0.3213
blca_tcga_pub_2017	TCGA-E7-A5KF-01	0.7237	-0.0636	-0.2466	-0.4533	0.3565	-1.095
blca_tcga_pub_2017	TCGA-FD-A5BY-01	2.6227	3.3109	-0.5617	-0.4461	0.3509	0.1326
blca_tcga_pub_2017	TCGA-FD-A5BZ-01	-0.3835	1.7189	0.3602	-0.8228	-0.0776	1.3476
blca_tcga_pub_2017	TCGA-FD-A5C0-01	-1.073	0.6448	-0.4628	-0.2247	-0.3785	-0.0599
blca_tcga_pub_2017	TCGA-FD-A5C1-01	-1.7847	-1.5824	-0.0567	0.0645	-1.1012	0.1838
blca_tcga_pub_2017	TCGA-HQ-A5NE-01	-0.3556	0.7607	-0.2711	-0.1526	1.5142	0.6424
blca_tcga_pub_2017	TCGA-K4-A4AB-01	0.4727	2.2696	0.1506	-0.7415	0.9349	0.346
blca_tcga_pub_2017	TCGA-K4-A5RI-01	1.2924	-0.247	-0.5621	-0.8337	0.5539	0.9945
blca_tcga_pub_2017	TCGA-K4-A5RJ-01	-1.1145	6.5901	0.3622	0.3596	-0.2318	2.8282
blca_tcga_pub_2017	TCGA-LT-A5Z6-01	0.7234	-1.3105	1.3678	-0.0497	-1.0598	-0.073
blca_tcga_pub_2017	TCGA-BL-A5ZZ-01	0.9024	-0.4438	1.6367	-0.6344	0.0145	1.5828
blca_tcga_pub_2017	TCGA-DK-A6AV-01	-1.0434	4.5987	-0.6916	-0.354	-1.0534	-0.268
blca_tcga_pub_2017	TCGA-DK-A6AW-01	0.5659	-1.0911	-0.6219	-0.8959	-1.0125	1.2617
blca_tcga_pub_2017	TCGA-DK-A6B1-01	0.1014	0.1428	1.6884	-0.4091	-0.8065	-0.4879
blca_tcga_pub_2017	TCGA-DK-A6B2-01	-0.9133	-0.6519	0.7119	-0.3407	-0.0027	0.179
blca_tcga_pub_2017	TCGA-DK-A6B6-01	-0.7946	-0.8979	-0.8385	-0.6757	-0.6694	-0.6388
blca_tcga_pub_2017	TCGA-E7-A677-01	-1.3011	0.4564	-0.2737	3.5369	0.3266	0.2869
blca_tcga_pub_2017	TCGA-E7-A678-01	-0.4824	-0.4716	-0.9402	-0.9572	-1.3098	-0.3369
blca_tcga_pub_2017	TCGA-FD-A62N-01	0.2077	0.5973	0.6133	-0.5331	-0.7291	2.0525
blca_tcga_pub_2017	TCGA-FD-A62O-01	-1.0259	0.0399	-0.5249	-0.4709	0.1124	-1.3524
blca_tcga_pub_2017	TCGA-FD-A62P-01	-0.8347	2.5047	-0.2665	0.147	-0.5566	0.0239
blca_tcga_pub_2017	TCGA-FD-A62S-01	2.6825	1.2292	0.7914	-0.0847	1.6675	1.4234
blca_tcga_pub_2017	TCGA-FT-A61P-01	0.2746	0.5488	1.5457	-1.0992	-0.572	1.8654
blca_tcga_pub_2017	TCGA-K4-A5RH-01	-0.0307	0.7524	1.8874	-0.5136	-0.3367	4.7564
blca_tcga_pub_2017	TCGA-LC-A66R-01	-0.6511	-2.1609	2.1256	1.2892	-0.1221	1.8506
blca_tcga_pub_2017	TCGA-R3-A69X-01	-0.765	1.0113	0.287	0.1742	0.9054	0.542
blca_tcga_pub_2017	TCGA-DK-A6B0-01	0.0375	-0.4954	-0.8505	-0.8132	-1.0381	-0.5429
blca_tcga_pub_2017	TCGA-DK-A6B5-01	1.3309	0.8042	-0.7309	-0.1251	0.1763	0.0834
blca_tcga_pub_2017	TCGA-E5-A4TZ-01	-0.363	3.8635	-0.6954	0.9286	-0.1074	0.1325
blca_tcga_pub_2017	TCGA-E5-A4U1-01	-1.7857	2.253	-0.9157	-0.6719	-1.278	-0.5345
blca_tcga_pub_2017	TCGA-GC-A6I1-01	-1.0858	0.3527	-0.5147	-0.8055	-0.2567	-0.1859
blca_tcga_pub_2017	TCGA-GC-A6I3-01	0.5095	2.0989	-0.6321	-1.2619	-1.4932	-1.1829
blca_tcga_pub_2017	TCGA-GD-A6C6-01	-0.7704	-2.4825	-0.9825	-1.4107	-1.7251	-1.5336
blca_tcga_pub_2017	TCGA-K4-A6FZ-01	-0.7659	-0.2954	-0.2845	-0.2136	1.2746	-0.4564
blca_tcga_pub_2017	TCGA-K4-A6MB-01	-0.228	-0.3491	-0.4738	-0.4569	0.0426	0.0911
blca_tcga_pub_2017	TCGA-PQ-A6FI-01	-0.5411	-0.5475	1.3946	0.4899	-0.1578	0.0424
blca_tcga_pub_2017	TCGA-PQ-A6FN-01	0.3088	0.1845	-0.6333	-1.033	-0.5359	-0.1758
blca_tcga_pub_2017	TCGA-S5-A6DX-01	-0.9662	-0.1389	-0.4247	-0.3459	-1.2934	-0.944
blca_tcga_pub_2017	TCGA-E7-A6ME-01	-2.1216	0.2747	5.2735	-0.0333	-0.099	0.0108
blca_tcga_pub_2017	TCGA-E7-A6MF-01	1.357	0.5737	0.0796	3.9662	1.3419	1.01
blca_tcga_pub_2017	TCGA-E7-A7DU-01	0.0371	2.9938	-0.6965	-1.1179	-1.3571	-0.7166
blca_tcga_pub_2017	TCGA-FD-A6TF-01	0.8921	2.7535	1.8806	0.4205	-0.6406	1.8811
blca_tcga_pub_2017	TCGA-FD-A6TG-01	0.3208	0.172	0.7742	-0.8218	-0.1531	2.2883
blca_tcga_pub_2017	TCGA-FD-A6TH-01	-1.1417	8.0354	2.587	2.3049	-0.8874	0.9909
blca_tcga_pub_2017	TCGA-FD-A6TI-01	-1.045	0.0879	-0.1459	-0.971	0.1785	0.2495
blca_tcga_pub_2017	TCGA-GD-A76B-01	-1.3201	2.6331	0.213	-1.01	-0.4829	-0.1914
blca_tcga_pub_2017	TCGA-GU-A763-01	0.5484	0.699	-0.9256	-1.1829	-1.2572	-1.3853
blca_tcga_pub_2017	TCGA-GU-A766-01	-1.2647	-0.7663	0.3676	-0.6585	-0.9043	-0.1305
blca_tcga_pub_2017	TCGA-GU-A767-01	-0.3023	12.3616	-0.3673	-1.3412	-1.4327	-0.5978
blca_tcga_pub_2017	TCGA-CU-A72E-01	0.9936	1.7548	-0.3643	0.3713	0.2998	-0.3151
blca_tcga_pub_2017	TCGA-E7-A7DV-01	-0.2872	-1.8828	-0.853	-0.7485	-1.1087	0.3444
blca_tcga_pub_2017	TCGA-FD-A6TA-01	-1.9991	-1.0981	-0.0914	-0.6254	-0.1135	-0.2142
blca_tcga_pub_2017	TCGA-FD-A6TB-01	-0.7607	3.3739	0.127	0.281	-0.2587	0.887
blca_tcga_pub_2017	TCGA-FD-A6TC-01	-0.0939	-0.4954	0.6971	-1.0439	-0.8003	0.1046
blca_tcga_pub_2017	TCGA-FD-A6TD-01	0.6945	-0.711	0.3211	-0.0914	0.022	0.4453
blca_tcga_pub_2017	TCGA-FD-A6TE-01	-0.0984	-0.2869	-0.1298	0.9332	-0.8989	0.5727
blca_tcga_pub_2017	TCGA-FD-A6TK-01	0.1062	1.9876	3.2008	-0.8563	0.775	0.8161
blca_tcga_pub_2017	TCGA-GU-A762-01	2.1612	-0.6261	-0.5628	-1.0073	-0.861	0.8291
blca_tcga_pub_2017	TCGA-GV-A6ZA-01	-1.7056	2.8835	-0.8375	-0.8961	-0.822	-1.0735
blca_tcga_pub_2017	TCGA-KQ-A41N-01	0.8949	1.0597	-0.8214	-1.0741	-1.5507	-1.4172
blca_tcga_pub_2017	TCGA-KQ-A41P-01	-0.1166	1.6002	-0.4865	-0.9936	-1.163	-0.2534
blca_tcga_pub_2017	TCGA-KQ-A41Q-01	-1.5433	-0.8283	-0.8175	-0.9123	-0.4403	-0.6876
blca_tcga_pub_2017	TCGA-KQ-A41S-01	0.4516	-1.1512	0.0693	2.621	-0.678	0.9573
blca_tcga_pub_2017	TCGA-UY-A78K-01	-0.4834	0.8396	1.3118	0.082	-0.9351	0.2076
blca_tcga_pub_2017	TCGA-UY-A78L-01	-1.1298	3.2084	-0.5999	2.8514	0.1738	-0.4271
blca_tcga_pub_2017	TCGA-UY-A78N-01	0.58	-0.1344	-0.6438	0.0267	-1.4422	-0.1442
blca_tcga_pub_2017	TCGA-UY-A78O-01	-0.7719	0.3578	-0.6482	-0.831	-1.1939	-0.6007
blca_tcga_pub_2017	TCGA-CF-A7I0-01	0.9468	1.4696	-0.3182	0.3178	-1.1486	0.1607
blca_tcga_pub_2017	TCGA-E7-A6MD-01	-1.0228	1.9207	-0.3441	-0.9052	1.1391	0.2163
blca_tcga_pub_2017	TCGA-E7-A7PW-01	4.262	1.137	-0.5307	-0.9864	-1.1241	-0.7936
blca_tcga_pub_2017	TCGA-E7-A7XN-01	1.1441	0.7154	-0.8429	-0.729	0.0781	-0.8174
blca_tcga_pub_2017	TCGA-E7-A85H-01	-0.404	-0.48	-0.7029	-0.5773	-0.7232	-1.5283
blca_tcga_pub_2017	TCGA-FJ-A871-01	1.6912	0.6792	-0.5438	-1.3409	-1.1721	0.7157
blca_tcga_pub_2017	TCGA-GU-A764-01	2.9371	-1.0836	-0.0912	0.0656	-0.0067	0.2883
blca_tcga_pub_2017	TCGA-K4-A83P-01	-0.2615	-0.1243	0.6851	0.6204	0.3201	1.0185
blca_tcga_pub_2017	TCGA-KQ-A41O-01	2.9316	0.8775	-0.6899	-0.9055	-0.4452	-1.2008
blca_tcga_pub_2017	TCGA-KQ-A41R-01	1.6869	-0.9524	-0.7625	-1.1204	-1.2259	-1.3769
blca_tcga_pub_2017	TCGA-UY-A78M-01	-1.5743	-0.4446	-0.7042	-1.1881	-1.4585	-1.2491
blca_tcga_pub_2017	TCGA-CF-A8HX-01	3.5668	0.2364	-0.7885	0.4272	-1.2042	-0.1245
blca_tcga_pub_2017	TCGA-CF-A8HY-01	-1.1765	0.2412	-0.7278	-1.1076	-1.5294	-1.2656
blca_tcga_pub_2017	TCGA-E7-A8O7-01	-2.3723	0.0971	-0.5058	1.238	0.6316	-0.8941
blca_tcga_pub_2017	TCGA-E7-A8O8-01	-0.5123	1.0611	-0.7827	-0.8739	-1.3658	-1.1545
blca_tcga_pub_2017	TCGA-LT-A8JT-01	-0.681	0.3817	-0.8703	-0.6928	0.1101	-0.9593
blca_tcga_pub_2017	TCGA-UY-A78P-01	0.1276	-0.4381	-0.6451	1.9735	-0.5052	-0.27
blca_tcga_pub_2017	TCGA-UY-A8OC-01	0.3405	-0.1865	0.1391	-0.788	-0.2128	1.2056
blca_tcga_pub_2017	TCGA-UY-A8OD-01	0.5003	-0.0216	0.8462	-0.9395	-0.6952	0.316
blca_tcga_pub_2017	TCGA-XF-A8HB-01	1.6042	2.9765	-0.9023	0.0185	-0.6952	0.0767
blca_tcga_pub_2017	TCGA-XF-A8HC-01	-0.1487	1.8276	-0.4599	-1.0349	-1.4181	-0.1365
blca_tcga_pub_2017	TCGA-XF-A8HD-01	-0.4376	-1.4029	1.8296	-0.6091	-0.5076	-0.3034
blca_tcga_pub_2017	TCGA-XF-A8HE-01	1.4328	0.424	-0.5917	0.4961	1.6834	-0.2027
blca_tcga_pub_2017	TCGA-XF-A8HF-01	0.8448	-1.0286	-0.6946	-1.2937	-1.3471	-1.3226
blca_tcga_pub_2017	TCGA-XF-A8HG-01	-1.055	-0.5987	-0.938	-0.6955	-0.1396	-0.3186
blca_tcga_pub_2017	TCGA-YC-A89H-01	-1.1693	2.5293	-0.79	-0.9792	-0.7729	-1.0435
blca_tcga_pub_2017	TCGA-2F-A9KO-01	-1.1339	-0.4969	-0.1997	-0.7029	0.8629	-0.5939
blca_tcga_pub_2017	TCGA-2F-A9KP-01	-2.0724	-0.4137	-0.6302	-0.148	0.37	-0.8875
blca_tcga_pub_2017	TCGA-2F-A9KQ-01	0.5714	-0.281	-0.5234	0.8957	0.2132	-0.5142
blca_tcga_pub_2017	TCGA-2F-A9KR-01	-1.0089	2.9613	-0.752	0.1557	1.604	0.3601
blca_tcga_pub_2017	TCGA-2F-A9KT-01	-1.4598	0.7601	-0.7395	-0.9575	0.3211	-0.019
blca_tcga_pub_2017	TCGA-2F-A9KW-01	-0.4256	-0.7645	1.1925	0.4624	-0.1165	0.6921
blca_tcga_pub_2017	TCGA-CF-A9FF-01	-0.1993	-0.5477	-0.2729	-0.2653	-0.2804	-1.0073
blca_tcga_pub_2017	TCGA-CF-A9FH-01	-0.0286	-0.1091	-0.8226	-0.489	-0.3269	-0.8488
blca_tcga_pub_2017	TCGA-CF-A9FL-01	0.9808	-0.9311	-0.3993	0.3575	-0.6041	-0.8269
blca_tcga_pub_2017	TCGA-CF-A9FM-01	-0.5258	-0.5288	-0.598	-0.1967	0.5212	-0.4891
blca_tcga_pub_2017	TCGA-E7-A97P-01	0.082	-0.9469	-0.2124	-0.4104	0.0229	-0.4998
blca_tcga_pub_2017	TCGA-E7-A97Q-01	0.2779	-1.1982	0.4606	-0.1312	-0.8533	-0.7748
blca_tcga_pub_2017	TCGA-K4-AAQO-01	-0.818	-0.4009	0.9973	-0.7137	-0.7425	1.575
blca_tcga_pub_2017	TCGA-S5-AA26-01	-0.2753	3.1627	-0.8462	1.0234	-1.066	-0.9031
blca_tcga_pub_2017	TCGA-SY-A9G0-01	-0.8108	0.3609	2.5898	-0.1979	0.3916	1.7818
blca_tcga_pub_2017	TCGA-SY-A9G5-01	-0.7712	2.7901	-0.4102	-0.3792	-0.0575	0.7568
blca_tcga_pub_2017	TCGA-UY-A9PA-01	-0.756	0.5244	-0.4148	-0.1986	1.262	-0.7568
blca_tcga_pub_2017	TCGA-UY-A9PB-01	1.4772	0.8286	0.8342	-0.7511	0.0112	1.4153
blca_tcga_pub_2017	TCGA-UY-A9PD-01	-1.8611	-0.3102	0.2363	-0.9698	-1.0009	-1.24
blca_tcga_pub_2017	TCGA-UY-A9PE-01	-1.3582	0.3585	-0.441	-1.1031	-1.3943	-0.3391
blca_tcga_pub_2017	TCGA-UY-A9PF-01	-2.0925	-0.55	-0.4837	-0.9881	0.3405	-1.3341
blca_tcga_pub_2017	TCGA-UY-A9PH-01	-0.8767	-1.3263	-0.6426	-0.8089	-0.8396	-0.9136
blca_tcga_pub_2017	TCGA-XF-A8HH-01	-1.9582	-0.7372	-0.1241	0.3006	-0.6751	0.3202
blca_tcga_pub_2017	TCGA-XF-A8HI-01	0.0221	-0.4863	-0.6541	-0.5012	1.0393	-0.9333
blca_tcga_pub_2017	TCGA-YC-A8S6-01	0.5006	-0.1425	0.9111	-0.6965	0.0892	1.0156
blca_tcga_pub_2017	TCGA-YF-AA3L-01	0.0546	1.0831	-0.8583	-1.1083	-1.555	0.529
blca_tcga_pub_2017	TCGA-ZF-A9R0-01	0.0949	-0.4052	-0.3915	-0.8779	-0.9681	-0.464
blca_tcga_pub_2017	TCGA-ZF-A9R3-01	-0.7444	-0.0662	1.8139	-0.4105	0.6201	2.6389
blca_tcga_pub_2017	TCGA-ZF-A9R4-01	-0.6369	0.5486	-0.8642	-0.3705	-0.676	-0.9195
blca_tcga_pub_2017	TCGA-ZF-A9R7-01	-0.5889	1.7623	-0.7944	0.2644	-0.5545	0.4237
blca_tcga_pub_2017	TCGA-ZF-A9R9-01	-0.0968	-1.4626	1.3402	-0.9663	-0.6323	0.3888
blca_tcga_pub_2017	TCGA-ZF-A9RC-01	-1.3537	0.8194	-0.095	-1.0383	-0.9842	-0.2233
blca_tcga_pub_2017	TCGA-ZF-A9RE-01	0.7545	0.1063	-0.5965	2.436	2.8403	-0.3423
blca_tcga_pub_2017	TCGA-ZF-A9RF-01	-1.0397	-0.4031	1.4341	0.195	0.3464	0.4868
blca_tcga_pub_2017	TCGA-ZF-A9RL-01	-0.2613	1.3359	-0.7391	-0.766	0.6191	-1.0963
blca_tcga_pub_2017	TCGA-ZF-A9RM-01	-0.8326	0.2744	0.5432	-0.2413	1.0399	-0.8015
blca_tcga_pub_2017	TCGA-ZF-AA4N-01	-0.0117	-0.2637	-0.4241	0.8096	1.2699	0.7118
blca_tcga_pub_2017	TCGA-ZF-AA4R-01	0.367	1.9428	1.9814	-0.1801	-0.4785	1.168
blca_tcga_pub_2017	TCGA-ZF-AA4T-01	-0.8584	-0.3918	0.2301	-0.9891	0.0991	-0.8302
blca_tcga_pub_2017	TCGA-ZF-AA4U-01	0.4724	-1.2826	-0.8494	-0.6188	-0.5937	-1.0585
blca_tcga_pub_2017	TCGA-ZF-AA4V-01	-1.9064	-1.2047	-0.7539	1.0188	-0.1388	-0.3549
blca_tcga_pub_2017	TCGA-ZF-AA4W-01	-0.953	-2.2511	-0.821	-0.6431	0.5769	-0.8093
blca_tcga_pub_2017	TCGA-ZF-AA4X-01	0.3931	-0.3327	0.4939	0.1253	-0.651	0.4038
blca_tcga_pub_2017	TCGA-4Z-AA7M-01	-2.1342	1.4898	-0.1528	-0.6867	0.2546	1.855
blca_tcga_pub_2017	TCGA-4Z-AA7N-01	-1.1254	0.0646	0.4686	1.4337	1.4432	1.873
blca_tcga_pub_2017	TCGA-4Z-AA7O-01	-0.0427	-0.8008	-0.6985	-0.3134	-0.2661	-0.6106
blca_tcga_pub_2017	TCGA-4Z-AA7Q-01	1.2186	2.7362	-0.7057	0.536	0.0347	1.2248
blca_tcga_pub_2017	TCGA-4Z-AA7R-01	1.9215	-2.0414	-0.4532	-0.7945	0.0493	-0.9664
blca_tcga_pub_2017	TCGA-4Z-AA7S-01	-0.639	0.9078	-0.7567	-0.4048	-0.8751	-0.9747
blca_tcga_pub_2017	TCGA-4Z-AA7W-01	2.0306	3.3003	-0.4872	-0.5459	-1.2308	-0.25
blca_tcga_pub_2017	TCGA-4Z-AA7Y-01	-0.6432	0.2526	-0.4431	-0.6148	1.49	-0.9914
blca_tcga_pub_2017	TCGA-4Z-AA80-01	-0.3073	3.3621	-0.7501	-0.6345	1.4195	-1.2083
blca_tcga_pub_2017	TCGA-4Z-AA81-01	-1.5758	2.1081	-0.886	0.0811	-0.9667	-0.0701
blca_tcga_pub_2017	TCGA-4Z-AA82-01	-0.8364	4.7677	2.2362	1.3142	2.2382	3.4465
blca_tcga_pub_2017	TCGA-4Z-AA83-01	1.9033	0.0515	-0.5684	-0.5777	0.4084	-0.7537
blca_tcga_pub_2017	TCGA-4Z-AA84-01	-1.6323	0.8095	1.3073	2.0046	-0.2081	-0.2296
blca_tcga_pub_2017	TCGA-4Z-AA86-01	0.1855	-1.0195	0.3717	-0.4841	0.9769	0.3681
blca_tcga_pub_2017	TCGA-4Z-AA87-01	1.8816	9.5051	-0.8356	-0.9904	-1.6068	-0.9733
blca_tcga_pub_2017	TCGA-4Z-AA89-01	0.2154	-0.5465	-0.7478	-0.5529	0.1324	-1.3413
blca_tcga_pub_2017	TCGA-DK-AA6L-01	0.6952	2.8092	-0.8312	0.6518	-0.2945	0.0948
blca_tcga_pub_2017	TCGA-DK-AA6M-01	0.4388	0.4838	0.2012	-0.5219	-0.9726	0.9116
blca_tcga_pub_2017	TCGA-DK-AA6P-01	-0.1012	0.7507	-0.7724	-0.7666	0.2379	-0.193
blca_tcga_pub_2017	TCGA-DK-AA6Q-01	1.7413	0.4453	-0.873	-0.6251	0.0468	-1.309
blca_tcga_pub_2017	TCGA-DK-AA6S-01	-1.2431	-0.5239	1.0603	-0.2392	-0.3066	0.1554
blca_tcga_pub_2017	TCGA-DK-AA6T-01	-1.423	2.0197	1.0817	0.6535	-1.2172	0.2495
blca_tcga_pub_2017	TCGA-DK-AA6U-01	-0.471	3.5648	-0.3097	-0.1174	-0.7081	-0.1289
blca_tcga_pub_2017	TCGA-DK-AA6W-01	-0.916	0.7101	0.0437	0.0735	-0.8187	0.7217
blca_tcga_pub_2017	TCGA-DK-AA71-01	-0.0929	1.0882	-0.8592	-0.8921	-0.9119	-1.2896
blca_tcga_pub_2017	TCGA-DK-AA74-01	1.3311	-1.1347	-0.2845	-1.1193	-1.0091	0.1169
blca_tcga_pub_2017	TCGA-DK-AA75-01	1.5829	0.4648	-0.8473	-1.0477	-1.397	-1.55
blca_tcga_pub_2017	TCGA-DK-AA76-01	2.1697	2.1486	-0.8467	-0.7331	0.4348	-0.8527
blca_tcga_pub_2017	TCGA-DK-AA77-01	-0.171	0.3583	-0.7139	-0.4507	-0.4921	-0.9425
blca_tcga_pub_2017	TCGA-G2-AA3B-01	-1.513	0.2979	-0.9132	-1.2373	-1.2446	-0.8219
blca_tcga_pub_2017	TCGA-G2-AA3C-01	1.3267	0.1304	-0.0441	-0.8975	-1.3479	0.7066
blca_tcga_pub_2017	TCGA-G2-AA3D-01	-0.0328	1.1741	-0.6484	-0.9152	-0.9246	-0.0008
blca_tcga_pub_2017	TCGA-GU-AATO-01	0.9584	-0.4128	-0.6836	0.1873	-1.3213	0.2678
blca_tcga_pub_2017	TCGA-GU-AATP-01	-1.2432	0.0528	-0.0798	-0.2886	-0.8816	0.2751
blca_tcga_pub_2017	TCGA-GU-AATQ-01	1.2608	2.6583	-0.7234	-0.9238	1.0904	0.3796
blca_tcga_pub_2017	TCGA-XF-A9SH-01	-0.7675	1.6085	-0.4721	-0.8489	-0.7094	-0.761
blca_tcga_pub_2017	TCGA-XF-A9SI-01	-0.4394	1.4048	1.4817	0.724	-0.3319	0.6892
blca_tcga_pub_2017	TCGA-XF-A9SJ-01	0.2801	1.2846	0.2146	0.4827	-1.0454	-0.1592
blca_tcga_pub_2017	TCGA-XF-A9SL-01	0.2018	-0.2939	1.3897	-0.1614	-1.0273	1.3661
blca_tcga_pub_2017	TCGA-XF-A9SP-01	0.2439	1.852	-0.0782	-1.0255	-1.0026	0.7946
blca_tcga_pub_2017	TCGA-XF-A9SU-01	0.2612	0.2002	-0.2153	-1.2339	-1.307	-0.2918
blca_tcga_pub_2017	TCGA-XF-A9SX-01	-0.8181	-0.0801	1.0706	-1.1585	-0.4566	1.8599
blca_tcga_pub_2017	TCGA-XF-A9SZ-01	-1.7436	1.4273	0.2394	-1.3481	-0.5244	-0.4632
blca_tcga_pub_2017	TCGA-XF-A9T0-01	-2.2345	0.2847	-0.6341	-0.7707	-1.087	-0.7394
blca_tcga_pub_2017	TCGA-XF-A9T4-01	0.0372	-0.4649	-0.3169	-0.519	0.5959	-0.3768
blca_tcga_pub_2017	TCGA-XF-A9T8-01	-0.7691	0.3038	-0.3662	1.3542	-0.4831	0.7319
blca_tcga_pub_2017	TCGA-YC-A9TC-01	2.2688	1.6683	-0.716	-0.899	-1.2799	-1.3913
blca_tcga_pub_2017	TCGA-ZF-A9R1-01	2.6722	-0.0033	-0.4688	-0.8229	0.2688	-0.8633
blca_tcga_pub_2017	TCGA-ZF-A9R2-01	2.2976	4.027	-0.9114	-0.7779	-0.0226	-0.8116
blca_tcga_pub_2017	TCGA-ZF-AA51-01	-1.5657	1.28	-0.3774	-0.1715	-0.3751	-0.9747
blca_tcga_pub_2017	TCGA-ZF-AA52-01	-0.5085	-0.6281	1.1906	0.3425	-1.2787	1.2263
blca_tcga_pub_2017	TCGA-ZF-AA53-01	-0.0731	-0.3649	-0.6076	-0.2643	-1.0134	0.0701
blca_tcga_pub_2017	TCGA-ZF-AA54-01	-1.4605	1.1117	3.2135	0.8199	0.3521	1.7941
blca_tcga_pub_2017	TCGA-ZF-AA56-01	-0.1517	-0.0637	-0.3498	-0.1695	1.4089	-0.6264
blca_tcga_pub_2017	TCGA-ZF-AA5H-01	2.2604	-1.3841	1.4913	1.1189	-0.0704	0.4369
blca_tcga_pub_2017	TCGA-ZF-AA5P-01	1.0239	-0.4274	2.597	-1.1514	-0.3153	2.019
blca_tcga_pub_2017	TCGA-5N-A9KI-01	-0.9421	11.544	1.1857	0.216	-0.6639	0.4048
blca_tcga_pub_2017	TCGA-5N-A9KM-01	-1.8078	0.6299	-0.6101	-0.9634	-0.0472	-0.8593
blca_tcga_pub_2017	TCGA-DK-AA6R-01	1.5494	0.7213	1.5765	-0.0204	0.4961	1.1411
blca_tcga_pub_2017	TCGA-DK-AA6X-01	-0.5977	-1.3232	-0.3892	0.0217	0.6554	0.6814
blca_tcga_pub_2017	TCGA-G2-AA3F-01	0.5059	-0.8244	-0.6715	-0.1036	0.8655	-1.227
blca_tcga_pub_2017	TCGA-UY-A8OB-01	-2.2453	2.3211	0.1399	-1.0174	-0.6947	0.7194
blca_tcga_pub_2017	TCGA-XF-A9SK-01	-0.2725	5.0363	-0.2044	-0.3909	-0.4879	0.8239
blca_tcga_pub_2017	TCGA-XF-A9SM-01	0.4335	-1.7428	0.1316	0.2306	-0.5922	0.5282
blca_tcga_pub_2017	TCGA-XF-A9ST-01	-0.0528	0.2785	-0.8294	-0.823	-1.4375	-0.8641
blca_tcga_pub_2017	TCGA-XF-A9SV-01	-0.6615	-1.1225	-0.2195	-0.8615	-0.7454	-0.9944
blca_tcga_pub_2017	TCGA-XF-A9SW-01	-0.9015	-2.1722	2.9579	0.3143	-0.8624	1.5613
blca_tcga_pub_2017	TCGA-XF-A9SY-01	-0.1342	-0.0821	2.3604	-0.819	0.6432	1.357
blca_tcga_pub_2017	TCGA-XF-A9T2-01	0.9728	-0.6261	0.2114	-0.9158	-0.2551	0.6101
blca_tcga_pub_2017	TCGA-XF-A9T3-01	1.5711	1.2694	1.6022	-1.0102	-0.0666	1.422
blca_tcga_pub_2017	TCGA-XF-A9T5-01	1.9013	-1.0806	-0.677	-0.8195	-0.4216	-0.32
blca_tcga_pub_2017	TCGA-XF-A9T6-01	-0.6088	-2.5944	-0.1539	-0.4041	-0.8845	-0.1625
blca_tcga_pub_2017	TCGA-XF-AAME-01	-0.9457	0.0475	0.918	1.2326	-0.425	2.5236
blca_tcga_pub_2017	TCGA-XF-AAMG-01	-0.0889	-0.4235	-0.2027	-0.745	-0.4222	0.1321
blca_tcga_pub_2017	TCGA-XF-AAMH-01	-1.5222	-1.1153	-0.8431	-0.9739	-1.5058	-0.5682
blca_tcga_pub_2017	TCGA-XF-AAMJ-01	0.089	0.5558	2.279	-0.963	-0.5464	1.3427
blca_tcga_pub_2017	TCGA-XF-AAML-01	0.0258	-1.7262	0.7388	-1.1546	-0.6641	-0.2518
blca_tcga_pub_2017	TCGA-XF-AAMQ-01	0.9566	2.1199	-0.6198	-0.2828	0.4159	1.6205
blca_tcga_pub_2017	TCGA-XF-AAMR-01	-0.2387	0.252	2.3768	0.6396	1.348	2.0219
blca_tcga_pub_2017	TCGA-XF-AAMT-01	1.3846	0.23	0.614	-0.331	0.2134	1.1907
blca_tcga_pub_2017	TCGA-XF-AAMW-01	0.8498	0.0204	2.5143	-0.4587	1.5686	0.5027
blca_tcga_pub_2017	TCGA-XF-AAMX-01	-0.7047	0.3456	-0.6404	-1.3848	-1.1151	2.2752
blca_tcga_pub_2017	TCGA-XF-AAMY-01	-0.7261	-0.6279	0.7286	-0.1384	-0.4428	-0.4568
blca_tcga_pub_2017	TCGA-XF-AAMZ-01	-0.8467	1.8297	-0.769	-0.8814	-0.9378	-0.6044
blca_tcga_pub_2017	TCGA-XF-AAN0-01	-0.6256	2.7784	-0.4175	5.9056	0.8118	3.4125
blca_tcga_pub_2017	TCGA-XF-AAN1-01	-0.1656	0.3296	-0.6904	-0.6443	-1.0953	-0.5934
blca_tcga_pub_2017	TCGA-XF-AAN2-01	-0.972	-0.0106	0.4642	1.0666	-0.2229	-0.1459
blca_tcga_pub_2017	TCGA-XF-AAN3-01	-1.0635	1.9154	-0.1874	1.8388	1.6831	0.0913
blca_tcga_pub_2017	TCGA-XF-AAN4-01	0.4176	-0.8976	3.7282	-0.4875	-0.3178	3.183
blca_tcga_pub_2017	TCGA-XF-AAN5-01	-1.1407	-1.1029	-0.6383	-0.4213	-0.3279	-0.3696
blca_tcga_pub_2017	TCGA-XF-AAN7-01	-0.3836	2.8821	-0.4918	-0.249	-1.0824	2.1534
blca_tcga_pub_2017	TCGA-XF-AAN8-01	-1.0987	-0.7744	1.1775	-1.1218	-0.4586	2.6219
blca_tcga_pub_2017	TCGA-YF-AA3M-01	-0.793	2.147	-0.641	-0.9881	-1.0843	0.193
blca_tcga_pub_2017	TCGA-ZF-A9R5-01	-1.2367	0.1361	-0.7412	-0.5	-0.2705	-1.0142
blca_tcga_pub_2017	TCGA-ZF-A9RD-01	-0.6294	-1.8415	0.7795	-0.8102	0.2897	-0.5992
blca_tcga_pub_2017	TCGA-ZF-A9RN-01	-0.8578	1.4154	5.4779	-1.1998	-1.0045	-0.7774
blca_tcga_pub_2017	TCGA-ZF-AA58-01	-1.1547	-1.745	0.4196	-0.0611	-0.6439	1.2466
blca_tcga_pub_2017	TCGA-ZF-AA5N-01	-1.3872	0.4754	-0.9654	1.6253	-1.1437	-1.3064
blca_tcga_pub_2017	TCGA-BL-A0C8-01	-1.3324	-1.0515	-0.0056	0.7706	0.6423	0.4045
blca_tcga_pub_2017	TCGA-BL-A13J-01	-1.2644	-0.4286	-0.1999	0.8863	2.1985	-0.0322
blca_tcga_pub_2017	TCGA-BT-A0S7-01	-0.6595	-0.6396	-0.4637	0.113	-0.2654	0.6075
blca_tcga_pub_2017	TCGA-BT-A0YX-01	0.1109	1.1782	-0.6034	-0.3011	1.3321	-0.9688
blca_tcga_pub_2017	TCGA-C4-A0EZ-01	-0.0393	1.5012	6.636	0.1527	-1.368	0.5404
blca_tcga_pub_2017	TCGA-C4-A0F0-01	0.7833	-0.0455	2.5135	-0.7483	0.2761	0.0644
blca_tcga_pub_2017	TCGA-C4-A0F1-01	-0.9151	0.1863	3.1128	0.1614	1.8781	0.3791
blca_tcga_pub_2017	TCGA-C4-A0F6-01	2.8063	1.1186	-0.6385	-0.6836	0.5614	-0.8294
blca_tcga_pub_2017	TCGA-C4-A0F7-01	3.8533	0.2411	2.0563	0.9336	0.716	-0.0494
blca_tcga_pub_2017	TCGA-CU-A0YN-01	-0.5589	-1.5404	0.4718	1.5055	-0.0547	0.274
blca_tcga_pub_2017	TCGA-CU-A0YO-01	-0.6879	0.0021	0.2314	-0.1372	0.9719	0.3684
blca_tcga_pub_2017	TCGA-CU-A0YR-01	-1.1558	-0.4085	-0.253	-0.2972	1.3237	-1.0239