,model,network_idx,size_of_network,num_link,C0,C1,C2,C3,robustness_pa,robustness_ip,empty_io_ratio,deterministic_io_ratio,redundancy,num_input,num_output
0,bortezomib,2,67,128,56,6,2,3,0.6281094527363184,0.8740525886194029,1.0,0.0,-1,5.0,3.0
1,bortezomib,5,67,129,56,6,2,3,0.7238805970149254,0.8871414412313433,1.0,0.0,-1,5.0,3.0
2,bortezomib,3,67,126,56,6,2,3,0.6940298507462687,0.9253731343283582,1.0,0.0,-1,5.0,3.0
3,bortezomib,8,67,127,56,6,2,3,0.6492537313432836,0.9253731343283582,1.0,0.0,-1,5.0,3.0
4,bortezomib,0,67,127,56,6,2,3,0.7238805970149254,0.9191930970149254,1.0,0.0,-1,5.0,3.0
5,bortezomib,9,67,126,56,6,2,3,0.5895522388059702,0.7985366138059702,1.0,0.0,-1,5.0,3.0
6,bortezomib,6,67,127,56,6,2,3,0.753731343283582,0.9253731343283582,1.0,0.0,-1,5.0,3.0
7,bortezomib,7,67,128,56,6,2,3,0.7089552238805971,0.9184060167910447,1.0,0.0,-1,5.0,3.0
8,bortezomib,1,67,128,56,6,2,3,0.6716417910447762,0.869198927238806,1.0,0.0,-1,5.0,3.0
9,bortezomib,4,67,126,56,6,2,3,0.6940298507462687,0.9253731343283582,1.0,0.0,-1,5.0,3.0
10,apoptosis,2,41,73,41,0,0,0,0.7926829268292683,0.926829268292683,1.0,0.0,-1,2.0,1.0
11,apoptosis,7,41,71,41,0,0,0,0.6829268292682927,0.8674971417682927,1.0,0.0,-1,2.0,1.0
12,apoptosis,9,41,72,41,0,0,0,0.7439024390243902,0.8812166539634146,1.0,0.0,-1,2.0,1.0
13,apoptosis,0,41,71,38,2,0,1,0.6646341463414634,0.888695693597561,1.0,0.0,-1,2.0,1.0
14,apoptosis,8,41,73,41,0,0,0,0.7032520325203252,0.8775485899390244,1.0,0.0,-1,2.0,1.0
15,apoptosis,6,41,72,41,0,0,0,0.7682926829268293,0.9512195121951219,1.0,0.0,-1,2.0,1.0
16,apoptosis,3,41,72,37,2,0,2,0.7195121951219512,0.9416682545731707,1.0,0.0,-1,2.0,1.0
17,apoptosis,1,41,72,41,0,0,0,0.7439024390243902,0.9321408155487805,1.0,0.0,-1,2.0,1.0
18,apoptosis,4,41,71,41,0,0,0,0.6951219512195121,0.9512195121951219,1.0,0.0,-1,2.0,1.0
19,apoptosis,5,41,71,39,1,0,1,0.7682926829268293,0.9512195121951219,1.0,0.0,-1,2.0,1.0
20,bortezomib,8,67,127,56,6,2,3,0.6492537313432836,0.9253731343283582,1.0,0.0,-1,5.0,3.0
21,bortezomib,0,67,127,57,6,0,4,0.7238805970149254,0.9191930970149254,1.0,0.0,-1,5.0,3.0
22,bortezomib,9,67,126,56,8,0,3,0.5895522388059702,0.7985366138059702,1.0,0.0,-1,5.0,3.0
23,bortezomib,2,67,128,52,6,0,9,0.6281094527363184,0.8740525886194029,0.5,0.16666666666666666,126.4,5.0,3.0
24,bortezomib,7,67,128,58,5,1,3,0.7089552238805971,0.9184060167910447,1.0,0.0,-1,5.0,3.0
25,bortezomib,5,67,129,64,2,0,1,0.7238805970149254,0.8871414412313433,1.0,0.0,-1,5.0,3.0
26,bortezomib,6,67,127,54,7,0,6,0.753731343283582,0.9253731343283582,0.5,0.3333333333333333,40.3,5.0,3.0
27,bortezomib,4,67,126,48,11,1,7,0.6940298507462687,0.9253731343283582,0.75,0.08333333333333333,13.0,5.0,3.0
28,bortezomib,1,67,128,56,10,0,1,0.6716417910447762,0.869198927238806,1.0,0.0,-1,5.0,3.0
29,bortezomib,3,67,126,59,6,0,2,0.6940298507462687,0.9253731343283582,1.0,0.0,-1,5.0,3.0
30,apoptosis,5,41,71,39,1,0,1,0.7682926829268293,0.9512195121951219,1.0,0.0,-1,2.0,1.0
31,apoptosis,2,41,73,41,0,0,0,0.7926829268292683,0.926829268292683,1.0,0.0,-1,2.0,1.0
32,apoptosis,3,41,72,37,2,0,2,0.7195121951219512,0.9416682545731707,1.0,0.0,-1,2.0,1.0
33,apoptosis,9,41,72,41,0,0,0,0.7439024390243902,0.8812166539634146,1.0,0.0,-1,2.0,1.0
34,apoptosis,8,41,73,41,0,0,0,0.7032520325203252,0.8775485899390244,1.0,0.0,-1,2.0,1.0
35,apoptosis,7,41,71,41,0,0,0,0.6829268292682927,0.8674971417682927,1.0,0.0,-1,2.0,1.0
36,apoptosis,4,41,71,41,0,0,0,0.6951219512195121,0.9512195121951219,1.0,0.0,-1,2.0,1.0
37,apoptosis,0,41,71,38,2,0,1,0.6646341463414634,0.888695693597561,1.0,0.0,-1,2.0,1.0
38,apoptosis,6,41,72,41,0,0,0,0.7682926829268293,0.9512195121951219,1.0,0.0,-1,2.0,1.0
39,apoptosis,1,41,72,41,0,0,0,0.7439024390243902,0.9321408155487805,1.0,0.0,-1,2.0,1.0
40,bortezomib,9,67,126,56,8,0,3,0.5895522388059702,0.7985366138059702,1.0,0.0,-1,5.0,3.0
41,bortezomib,0,67,127,57,6,0,4,0.7238805970149254,0.9191930970149254,1.0,0.0,-1,5.0,3.0
42,bortezomib,4,67,126,48,11,1,7,0.6940298507462687,0.9253731343283582,0.75,0.08333333333333333,13.0,5.0,3.0
43,bortezomib,3,67,126,59,6,0,2,0.6940298507462687,0.9253731343283582,1.0,0.0,-1,5.0,3.0
44,bortezomib,1,67,128,56,10,0,1,0.6716417910447762,0.869198927238806,1.0,0.0,-1,5.0,3.0
45,bortezomib,6,67,127,54,7,0,6,0.753731343283582,0.9253731343283582,0.5,0.3333333333333333,40.3,5.0,3.0
46,bortezomib,8,67,127,56,6,2,3,0.6492537313432836,0.9253731343283582,1.0,0.0,-1,5.0,3.0
47,bortezomib,7,67,128,58,5,1,3,0.7089552238805971,0.9184060167910447,1.0,0.0,-1,5.0,3.0
48,bortezomib,2,67,128,52,6,0,9,0.6281094527363184,0.8740525886194029,0.5,0.16666666666666666,126.4,5.0,3.0
49,bortezomib,5,67,129,64,2,0,1,0.7238805970149254,0.8871414412313433,1.0,0.0,-1,5.0,3.0
50,apoptosis,6,41,72,41,0,0,0,0.7682926829268293,0.9512195121951219,1.0,0.0,-1,2.0,1.0
51,apoptosis,7,41,71,41,0,0,0,0.6829268292682927,0.8674971417682927,1.0,0.0,-1,2.0,1.0
52,apoptosis,0,41,71,38,2,0,1,0.6646341463414634,0.888695693597561,1.0,0.0,-1,2.0,1.0
53,apoptosis,3,41,72,37,2,0,2,0.7195121951219512,0.9416682545731707,1.0,0.0,-1,2.0,1.0
54,apoptosis,9,41,72,41,0,0,0,0.7439024390243902,0.8812166539634146,1.0,0.0,-1,2.0,1.0
55,apoptosis,2,41,73,41,0,0,0,0.7926829268292683,0.926829268292683,1.0,0.0,-1,2.0,1.0
56,apoptosis,1,41,72,41,0,0,0,0.7439024390243902,0.9321408155487805,1.0,0.0,-1,2.0,1.0
57,apoptosis,5,41,71,39,1,0,1,0.7682926829268293,0.9512195121951219,1.0,0.0,-1,2.0,1.0
58,apoptosis,8,41,73,41,0,0,0,0.7032520325203252,0.8775485899390244,1.0,0.0,-1,2.0,1.0
59,apoptosis,4,41,71,41,0,0,0,0.6951219512195121,0.9512195121951219,1.0,0.0,-1,2.0,1.0
60,colitis,1,70,151,65,3,0,2,0.7321428571428571,0.9379464285714286,1.0,0.0,-1,1.0,2.0
61,colitis,4,70,153,68,2,0,0,0.7214285714285714,0.9857142857142858,1.0,0.0,-1,1.0,2.0
62,colitis,3,70,152,68,2,0,0,0.5959821428571429,0.9100167410714286,1.0,0.0,-1,1.0,2.0
63,colitis,9,70,152,65,4,0,1,0.7011904761904761,0.8405133928571429,1.0,0.0,-1,1.0,2.0
64,colitis,0,70,152,69,1,0,0,0.7857142857142857,0.9857142857142858,1.0,0.0,-1,1.0,2.0
65,colitis,2,70,148,68,1,0,1,0.6571428571428571,0.9672433035714286,1.0,0.0,-1,1.0,2.0
66,colitis,5,70,151,67,2,0,1,0.6857142857142857,0.9319475446428571,1.0,0.0,-1,1.0,2.0
67,colitis,8,70,151,58,9,0,3,0.6553571428571429,0.9175083705357143,1.0,0.0,-1,1.0,2.0
68,colitis,7,70,146,65,4,0,1,0.6017857142857143,0.9297712053571429,1.0,0.0,-1,1.0,2.0
69,colitis,6,70,151,66,3,0,1,0.7303571428571428,0.9287109375,1.0,0.0,-1,1.0,2.0
70,death,8,28,43,17,4,0,7,0.6428571428571429,0.7449079241071429,1.0,0.0,-1,3.0,3.0
71,death,0,28,42,16,6,1,5,0.6785714285714286,0.8928571428571429,1.0,0.0,-1,3.0,3.0
72,death,3,28,43,23,4,0,1,0.7321428571428571,0.8928571428571429,1.0,0.0,-1,3.0,3.0
73,death,9,28,43,9,5,0,14,0.5892857142857143,0.8674665178571429,0.5,0.25,5.4,3.0,3.0
74,death,6,28,44,20,3,0,5,0.75,0.8928571428571429,0.5,0.16666666666666666,10.333333333333334,3.0,3.0
75,death,5,28,44,23,2,0,3,0.7142857142857143,0.8109654017857143,0.5,0.16666666666666666,2.5,3.0,3.0
76,death,4,28,44,22,0,0,6,0.6785714285714286,0.7732979910714286,0.5,0.16666666666666666,4.333333333333333,3.0,3.0
77,death,7,28,44,10,7,1,10,0.6785714285714286,0.8928571428571429,0.0,0.4166666666666667,1.3076923076923077,3.0,3.0
78,death,1,28,43,23,3,0,2,0.7321428571428571,0.8198939732142857,1.0,0.0,-1,3.0,3.0
79,death,2,28,43,28,0,0,0,0.75,0.8928571428571429,1.0,0.0,-1,3.0,3.0
80,hgf,0,68,103,56,10,1,1,0.7297794117647058,0.8476849724264706,1.0,0.0,-1,6.0,5.0
81,hgf,1,68,103,54,10,0,4,0.7058823529411765,0.9042681525735294,0.25,0.15,4.666666666666667,6.0,5.0
82,hgf,5,68,102,57,3,0,8,0.7095588235294118,0.9117647058823529,0.0,0.3,6.583333333333333,6.0,5.0
83,hgf,9,68,102,60,1,0,7,0.7205882352941176,0.9044261259191176,0.5,0.2,7.857142857142857,6.0,5.0
84,hgf,6,68,102,59,4,0,5,0.7205882352941176,0.9117647058823529,1.0,0.0,-1,6.0,5.0
85,hgf,4,68,103,46,13,0,9,0.7095588235294118,0.9117647058823529,1.0,0.0,-1,6.0,5.0
86,hgf,8,68,102,62,0,0,6,0.7169117647058824,0.9117647058823529,1.0,0.0,-1,6.0,5.0
87,hgf,2,68,102,59,4,0,5,0.7463235294117647,0.9117647058823529,1.0,0.0,-1,6.0,5.0
88,hgf,7,68,102,52,12,3,1,0.75,0.8823529411764706,1.0,0.0,-1,6.0,5.0
89,hgf,3,68,101,41,18,0,9,0.6979166666666667,0.8471392463235294,0.125,0.25,1.2857142857142858,6.0,5.0
90,mammalian,6,20,47,18,2,0,0,0.475,0.904931640625,1.0,0.0,-1,1.0,1.0
91,mammalian,9,20,48,18,1,0,1,0.775,0.95,1.0,0.0,-1,1.0,1.0
92,mammalian,7,20,48,20,0,0,0,0.6125,0.89951171875,1.0,0.0,-1,1.0,1.0
93,mammalian,1,20,49,18,2,0,0,0.7,0.9,1.0,0.0,-1,1.0,1.0
94,mammalian,5,20,48,18,2,0,0,0.625,0.7341796875,1.0,0.0,-1,1.0,1.0
95,mammalian,0,20,49,10,8,2,0,0.725,0.95,1.0,0.0,-1,1.0,1.0
96,mammalian,3,20,50,16,1,0,3,0.4395833333333333,0.86904296875,1.0,0.0,-1,1.0,1.0
97,mammalian,2,20,47,13,6,1,0,0.7,0.95,1.0,0.0,-1,1.0,1.0
98,mammalian,4,20,51,13,7,0,0,0.24793956043956045,0.773779296875,1.0,0.0,-1,1.0,1.0
99,mammalian,8,20,47,16,3,0,1,0.8,0.95,1.0,0.0,-1,1.0,1.0
100,mapk,1,53,102,48,5,0,0,0.7452830188679245,0.9098798643867925,1.0,0.0,-1,4.0,3.0
101,mapk,9,53,101,43,9,0,1,0.7452830188679245,0.9052918632075472,1.0,0.0,-1,4.0,3.0
102,mapk,0,53,100,39,7,0,7,0.7452830188679245,0.9101378242924528,0.5,0.16666666666666666,6.25,4.0,3.0
103,mapk,3,53,103,35,15,2,1,0.6792452830188679,0.8674454599056604,1.0,0.0,-1,4.0,3.0
104,mapk,6,53,102,38,11,0,4,0.6556603773584906,0.9245283018867925,0.5,0.16666666666666666,8.75,4.0,3.0
105,mapk,5,53,103,48,3,0,2,0.7358490566037735,0.9245283018867925,1.0,0.0,-1,4.0,3.0
106,mapk,7,53,101,50,3,0,0,0.6580188679245284,0.9245283018867925,1.0,0.0,-1,4.0,3.0
107,mapk,4,53,103,40,8,0,5,0.5361635220125786,0.8627469044811321,0.5,0.16666666666666666,2.6666666666666665,4.0,3.0
108,mapk,2,53,100,41,11,0,1,0.6462264150943396,0.8429761202830188,1.0,0.0,-1,4.0,3.0
109,mapk,8,53,103,44,5,0,4,0.6745283018867925,0.8678139740566038,0.0,0.5,75.0,4.0,3.0
110,oxidative,5,19,28,16,1,0,2,0.7894736842105263,0.9473684210526315,0.0,1.0,1.0,1.0,1.0
111,oxidative,9,19,30,15,3,0,1,0.7368421052631579,0.9473684210526315,1.0,0.0,-1,1.0,1.0
112,oxidative,6,19,30,9,3,0,7,0.631578947368421,0.9093852796052632,0.5,0.5,8.0,1.0,1.0
113,oxidative,4,19,29,15,3,0,1,0.7105263157894737,0.9273745888157895,1.0,0.0,-1,1.0,1.0
114,oxidative,2,19,30,19,0,0,0,0.7368421052631579,0.9473684210526315,1.0,0.0,-1,1.0,1.0
115,oxidative,0,19,30,17,2,0,0,0.75,0.6185238486842105,1.0,0.0,-1,1.0,1.0
116,oxidative,7,19,30,19,0,0,0,0.7368421052631579,0.9473684210526315,1.0,0.0,-1,1.0,1.0
117,oxidative,3,19,30,10,6,0,3,0.6842105263157895,0.9473684210526315,0.5,0.5,2.0,1.0,1.0
118,oxidative,8,19,30,13,4,0,2,0.5526315789473685,0.9169407894736842,0.5,0.5,1.0,1.0,1.0
119,oxidative,1,19,30,19,0,0,0,0.7894736842105263,0.9473684210526315,1.0,0.0,-1,1.0,1.0
120,tlgl_2008,6,61,171,58,0,0,3,0.7213114754098361,0.8571016905737705,1.0,0.0,-1,7.0,2.0
121,tlgl_2008,1,61,169,49,7,0,5,0.6377049180327868,0.8430616034836066,0.5,0.25,266.14285714285717,7.0,2.0
122,tlgl_2008,0,61,167,46,6,0,9,0.6721311475409836,0.8566854508196722,0.25,0.375,171.66666666666666,7.0,2.0
123,tlgl_2008,3,61,164,54,6,1,0,0.6885245901639344,0.8751600922131147,1.0,0.0,-1,7.0,2.0
124,tlgl_2008,4,61,161,60,1,0,0,0.5942622950819673,0.8506179559426229,1.0,0.0,-1,7.0,2.0
125,tlgl_2008,9,61,167,59,1,0,1,0.49019320843091335,0.8097304047131147,1.0,0.0,-1,7.0,2.0
126,tlgl_2008,8,61,167,56,2,0,3,0.4076005961251863,0.8062884221311475,1.0,0.0,-1,7.0,2.0
127,tlgl_2008,5,61,168,54,6,1,0,0.576844262295082,0.736023949795082,1.0,0.0,-1,7.0,2.0
128,tlgl_2008,2,61,168,56,5,0,0,0.5027322404371585,0.8441822489754098,1.0,0.0,-1,7.0,2.0
129,tlgl_2008,7,61,170,55,6,0,0,0.6721311475409836,0.8852459016393442,1.0,0.0,-1,7.0,2.0
